2.685957e-04 5.280864e-04 7.784722e-04 1.019753e-03 1.251929e-03 1.475000e-03 1.688966e-03 1.893827e-03 2.089583e-03 2.276235e-03 2.453781e-03 2.622222e-03 2.781559e-03 2.931790e-03 3.072917e-03 3.204938e-03 3.327855e-03 3.441667e-03 3.546373e-03 3.641975e-03 3.728472e-03 3.805864e-03 3.874151e-03 3.933333e-03 3.983410e-03 4.024383e-03 4.056250e-03 4.079012e-03 4.092670e-03 4.097222e-03 4.092670e-03 4.079012e-03 4.056250e-03 4.024383e-03 3.983410e-03 3.933333e-03 3.874151e-03 3.805864e-03 3.728472e-03 3.641975e-03 3.546373e-03 3.441667e-03 3.327855e-03 3.204938e-03 3.072917e-03 2.931790e-03 2.781559e-03 2.622222e-03 2.453781e-03 2.276235e-03 2.089583e-03 1.893827e-03 1.688966e-03 1.475000e-03 1.251929e-03 1.019753e-03 7.784722e-04 5.280864e-04 2.685957e-04 
5.280864e-04 1.038272e-03 1.530556e-03 2.004938e-03 2.461420e-03 2.900000e-03 3.320679e-03 3.723457e-03 4.108333e-03 4.475309e-03 4.824383e-03 5.155556e-03 5.468827e-03 5.764198e-03 6.041667e-03 6.301235e-03 6.542901e-03 6.766667e-03 6.972531e-03 7.160494e-03 7.330556e-03 7.482716e-03 7.616975e-03 7.733333e-03 7.831790e-03 7.912346e-03 7.975000e-03 8.019753e-03 8.046605e-03 8.055556e-03 8.046605e-03 8.019753e-03 7.975000e-03 7.912346e-03 7.831790e-03 7.733333e-03 7.616975e-03 7.482716e-03 7.330556e-03 7.160494e-03 6.972531e-03 6.766667e-03 6.542901e-03 6.301235e-03 6.041667e-03 5.764198e-03 5.468827e-03 5.155556e-03 4.824383e-03 4.475309e-03 4.108333e-03 3.723457e-03 3.320679e-03 2.900000e-03 2.461420e-03 2.004938e-03 1.530556e-03 1.038272e-03 5.280864e-04 
7.784722e-04 1.530556e-03 2.256250e-03 2.955556e-03 3.628472e-03 4.275000e-03 4.895139e-03 5.488889e-03 6.056250e-03 6.597222e-03 7.111806e-03 7.600000e-03 8.061806e-03 8.497222e-03 8.906250e-03 9.288889e-03 9.645139e-03 9.975000e-03 1.027847e-02 1.055556e-02 1.080625e-02 1.103056e-02 1.122847e-02 1.140000e-02 1.154514e-02 1.166389e-02 1.175625e-02 1.182222e-02 1.186181e-02 1.187500e-02 1.186181e-02 1.182222e-02 1.175625e-02 1.166389e-02 1.154514e-02 1.140000e-02 1.122847e-02 1.103056e-02 1.080625e-02 1.055556e-02 1.027847e-02 9.975000e-03 9.645139e-03 9.288889e-03 8.906250e-03 8.497222e-03 8.061806e-03 7.600000e-03 7.111806e-03 6.597222e-03 6.056250e-03 5.488889e-03 4.895139e-03 4.275000e-03 3.628472e-03 2.955556e-03 2.256250e-03 1.530556e-03 7.784722e-04 
1.019753e-03 2.004938e-03 2.955556e-03 3.871605e-03 4.753086e-03 5.600000e-03 6.412346e-03 7.190123e-03 7.933333e-03 8.641975e-03 9.316049e-03 9.955556e-03 1.056049e-02 1.113086e-02 1.166667e-02 1.216790e-02 1.263457e-02 1.306667e-02 1.346420e-02 1.382716e-02 1.415556e-02 1.444938e-02 1.470864e-02 1.493333e-02 1.512346e-02 1.527901e-02 1.540000e-02 1.548642e-02 1.553827e-02 1.555556e-02 1.553827e-02 1.548642e-02 1.540000e-02 1.527901e-02 1.512346e-02 1.493333e-02 1.470864e-02 1.444938e-02 1.415556e-02 1.382716e-02 1.346420e-02 1.306667e-02 1.263457e-02 1.216790e-02 1.166667e-02 1.113086e-02 1.056049e-02 9.955556e-03 9.316049e-03 8.641975e-03 7.933333e-03 7.190123e-03 6.412346e-03 5.600000e-03 4.753086e-03 3.871605e-03 2.955556e-03 2.004938e-03 1.019753e-03 
1.251929e-03 2.461420e-03 3.628472e-03 4.753086e-03 5.835262e-03 6.875000e-03 7.872299e-03 8.827160e-03 9.739583e-03 1.060957e-02 1.143711e-02 1.222222e-02 1.296489e-02 1.366512e-02 1.432292e-02 1.493827e-02 1.551119e-02 1.604167e-02 1.652971e-02 1.697531e-02 1.737847e-02 1.773920e-02 1.805748e-02 1.833333e-02 1.856674e-02 1.875772e-02 1.890625e-02 1.901235e-02 1.907600e-02 1.909722e-02 1.907600e-02 1.901235e-02 1.890625e-02 1.875772e-02 1.856674e-02 1.833333e-02 1.805748e-02 1.773920e-02 1.737847e-02 1.697531e-02 1.652971e-02 1.604167e-02 1.551119e-02 1.493827e-02 1.432292e-02 1.366512e-02 1.296489e-02 1.222222e-02 1.143711e-02 1.060957e-02 9.739583e-03 8.827160e-03 7.872299e-03 6.875000e-03 5.835262e-03 4.753086e-03 3.628472e-03 2.461420e-03 1.251929e-03 
1.475000e-03 2.900000e-03 4.275000e-03 5.600000e-03 6.875000e-03 8.100000e-03 9.275000e-03 1.040000e-02 1.147500e-02 1.250000e-02 1.347500e-02 1.440000e-02 1.527500e-02 1.610000e-02 1.687500e-02 1.760000e-02 1.827500e-02 1.890000e-02 1.947500e-02 2.000000e-02 2.047500e-02 2.090000e-02 2.127500e-02 2.160000e-02 2.187500e-02 2.210000e-02 2.227500e-02 2.240000e-02 2.247500e-02 2.250000e-02 2.247500e-02 2.240000e-02 2.227500e-02 2.210000e-02 2.187500e-02 2.160000e-02 2.127500e-02 2.090000e-02 2.047500e-02 2.000000e-02 1.947500e-02 1.890000e-02 1.827500e-02 1.760000e-02 1.687500e-02 1.610000e-02 1.527500e-02 1.440000e-02 1.347500e-02 1.250000e-02 1.147500e-02 1.040000e-02 9.275000e-03 8.100000e-03 6.875000e-03 5.600000e-03 4.275000e-03 2.900000e-03 1.475000e-03 
1.688966e-03 3.320679e-03 4.895139e-03 6.412346e-03 7.872299e-03 9.275000e-03 1.062045e-02 1.190864e-02 1.313958e-02 1.431327e-02 1.542971e-02 1.648889e-02 1.749082e-02 1.843549e-02 1.932292e-02 2.015309e-02 2.092600e-02 2.164167e-02 2.230008e-02 2.290123e-02 2.344514e-02 2.393179e-02 2.436119e-02 2.473333e-02 2.504823e-02 2.530586e-02 2.550625e-02 2.564938e-02 2.573526e-02 2.576389e-02 2.573526e-02 2.564938e-02 2.550625e-02 2.530586e-02 2.504823e-02 2.473333e-02 2.436119e-02 2.393179e-02 2.344514e-02 2.290123e-02 2.230008e-02 2.164167e-02 2.092600e-02 2.015309e-02 1.932292e-02 1.843549e-02 1.749082e-02 1.648889e-02 1.542971e-02 1.431327e-02 1.313958e-02 1.190864e-02 1.062045e-02 9.275000e-03 7.872299e-03 6.412346e-03 4.895139e-03 3.320679e-03 1.688966e-03 
1.893827e-03 3.723457e-03 5.488889e-03 7.190123e-03 8.827160e-03 1.040000e-02 1.190864e-02 1.335309e-02 1.473333e-02 1.604938e-02 1.730123e-02 1.848889e-02 1.961235e-02 2.067160e-02 2.166667e-02 2.259753e-02 2.346420e-02 2.426667e-02 2.500494e-02 2.567901e-02 2.628889e-02 2.683457e-02 2.731605e-02 2.773333e-02 2.808642e-02 2.837531e-02 2.860000e-02 2.876049e-02 2.885679e-02 2.888889e-02 2.885679e-02 2.876049e-02 2.860000e-02 2.837531e-02 2.808642e-02 2.773333e-02 2.731605e-02 2.683457e-02 2.628889e-02 2.567901e-02 2.500494e-02 2.426667e-02 2.346420e-02 2.259753e-02 2.166667e-02 2.067160e-02 1.961235e-02 1.848889e-02 1.730123e-02 1.604938e-02 1.473333e-02 1.335309e-02 1.190864e-02 1.040000e-02 8.827160e-03 7.190123e-03 5.488889e-03 3.723457e-03 1.893827e-03 
2.089583e-03 4.108333e-03 6.056250e-03 7.933333e-03 9.739583e-03 1.147500e-02 1.313958e-02 1.473333e-02 1.625625e-02 1.770833e-02 1.908958e-02 2.040000e-02 2.163958e-02 2.280833e-02 2.390625e-02 2.493333e-02 2.588958e-02 2.677500e-02 2.758958e-02 2.833333e-02 2.900625e-02 2.960833e-02 3.013958e-02 3.060000e-02 3.098958e-02 3.130833e-02 3.155625e-02 3.173333e-02 3.183958e-02 3.187500e-02 3.183958e-02 3.173333e-02 3.155625e-02 3.130833e-02 3.098958e-02 3.060000e-02 3.013958e-02 2.960833e-02 2.900625e-02 2.833333e-02 2.758958e-02 2.677500e-02 2.588958e-02 2.493333e-02 2.390625e-02 2.280833e-02 2.163958e-02 2.040000e-02 1.908958e-02 1.770833e-02 1.625625e-02 1.473333e-02 1.313958e-02 1.147500e-02 9.739583e-03 7.933333e-03 6.056250e-03 4.108333e-03 2.089583e-03 
2.276235e-03 4.475309e-03 6.597222e-03 8.641975e-03 1.060957e-02 1.250000e-02 1.431327e-02 1.604938e-02 1.770833e-02 1.929012e-02 2.079475e-02 2.222222e-02 2.357253e-02 2.484568e-02 2.604167e-02 2.716049e-02 2.820216e-02 2.916667e-02 3.005401e-02 3.086420e-02 3.159722e-02 3.225309e-02 3.283179e-02 3.333333e-02 3.375772e-02 3.410494e-02 3.437500e-02 3.456790e-02 3.468364e-02 3.472222e-02 3.468364e-02 3.456790e-02 3.437500e-02 3.410494e-02 3.375772e-02 3.333333e-02 3.283179e-02 3.225309e-02 3.159722e-02 3.086420e-02 3.005401e-02 2.916667e-02 2.820216e-02 2.716049e-02 2.604167e-02 2.484568e-02 2.357253e-02 2.222222e-02 2.079475e-02 1.929012e-02 1.770833e-02 1.604938e-02 1.431327e-02 1.250000e-02 1.060957e-02 8.641975e-03 6.597222e-03 4.475309e-03 2.276235e-03 
2.453781e-03 4.824383e-03 7.111806e-03 9.316049e-03 1.143711e-02 1.347500e-02 1.542971e-02 1.730123e-02 1.908958e-02 2.079475e-02 2.241674e-02 2.395556e-02 2.541119e-02 2.678364e-02 2.807292e-02 2.927901e-02 3.040193e-02 3.144167e-02 3.239823e-02 3.327160e-02 3.406181e-02 3.476883e-02 3.539267e-02 3.593333e-02 3.639082e-02 3.676512e-02 3.705625e-02 3.726420e-02 3.738897e-02 3.743056e-02 3.738897e-02 3.726420e-02 3.705625e-02 3.676512e-02 3.639082e-02 3.593333e-02 3.539267e-02 3.476883e-02 3.406181e-02 3.327160e-02 3.239823e-02 3.144167e-02 3.040193e-02 2.927901e-02 2.807292e-02 2.678364e-02 2.541119e-02 2.395556e-02 2.241674e-02 2.079475e-02 1.908958e-02 1.730123e-02 1.542971e-02 1.347500e-02 1.143711e-02 9.316049e-03 7.111806e-03 4.824383e-03 2.453781e-03 
2.622222e-03 5.155556e-03 7.600000e-03 9.955556e-03 1.222222e-02 1.440000e-02 1.648889e-02 1.848889e-02 2.040000e-02 2.222222e-02 2.395556e-02 2.560000e-02 2.715556e-02 2.862222e-02 3.000000e-02 3.128889e-02 3.248889e-02 3.360000e-02 3.462222e-02 3.555556e-02 3.640000e-02 3.715556e-02 3.782222e-02 3.840000e-02 3.888889e-02 3.928889e-02 3.960000e-02 3.982222e-02 3.995556e-02 4.000000e-02 3.995556e-02 3.982222e-02 3.960000e-02 3.928889e-02 3.888889e-02 3.840000e-02 3.782222e-02 3.715556e-02 3.640000e-02 3.555556e-02 3.462222e-02 3.360000e-02 3.248889e-02 3.128889e-02 3.000000e-02 2.862222e-02 2.715556e-02 2.560000e-02 2.395556e-02 2.222222e-02 2.040000e-02 1.848889e-02 1.648889e-02 1.440000e-02 1.222222e-02 9.955556e-03 7.600000e-03 5.155556e-03 2.622222e-03 
2.781559e-03 5.468827e-03 8.061806e-03 1.056049e-02 1.296489e-02 1.527500e-02 1.749082e-02 1.961235e-02 2.163958e-02 2.357253e-02 2.541119e-02 2.715556e-02 2.880563e-02 3.036142e-02 3.182292e-02 3.319012e-02 3.446304e-02 3.564167e-02 3.672600e-02 3.771605e-02 3.861181e-02 3.941327e-02 4.012045e-02 4.073333e-02 4.125193e-02 4.167623e-02 4.200625e-02 4.224198e-02 4.238341e-02 4.243056e-02 4.238341e-02 4.224198e-02 4.200625e-02 4.167623e-02 4.125193e-02 4.073333e-02 4.012045e-02 3.941327e-02 3.861181e-02 3.771605e-02 3.672600e-02 3.564167e-02 3.446304e-02 3.319012e-02 3.182292e-02 3.036142e-02 2.880563e-02 2.715556e-02 2.541119e-02 2.357253e-02 2.163958e-02 1.961235e-02 1.749082e-02 1.527500e-02 1.296489e-02 1.056049e-02 8.061806e-03 5.468827e-03 2.781559e-03 
2.931790e-03 5.764198e-03 8.497222e-03 1.113086e-02 1.366512e-02 1.610000e-02 1.843549e-02 2.067160e-02 2.280833e-02 2.484568e-02 2.678364e-02 2.862222e-02 3.036142e-02 3.200123e-02 3.354167e-02 3.498272e-02 3.632438e-02 3.756667e-02 3.870957e-02 3.975309e-02 4.069722e-02 4.154198e-02 4.228735e-02 4.293333e-02 4.347994e-02 4.392716e-02 4.427500e-02 4.452346e-02 4.467253e-02 4.472222e-02 4.467253e-02 4.452346e-02 4.427500e-02 4.392716e-02 4.347994e-02 4.293333e-02 4.228735e-02 4.154198e-02 4.069722e-02 3.975309e-02 3.870957e-02 3.756667e-02 3.632438e-02 3.498272e-02 3.354167e-02 3.200123e-02 3.036142e-02 2.862222e-02 2.678364e-02 2.484568e-02 2.280833e-02 2.067160e-02 1.843549e-02 1.610000e-02 1.366512e-02 1.113086e-02 8.497222e-03 5.764198e-03 2.931790e-03 
3.072917e-03 6.041667e-03 8.906250e-03 1.166667e-02 1.432292e-02 1.687500e-02 1.932292e-02 2.166667e-02 2.390625e-02 2.604167e-02 2.807292e-02 3.000000e-02 3.182292e-02 3.354167e-02 3.515625e-02 3.666667e-02 3.807292e-02 3.937500e-02 4.057292e-02 4.166667e-02 4.265625e-02 4.354167e-02 4.432292e-02 4.500000e-02 4.557292e-02 4.604167e-02 4.640625e-02 4.666667e-02 4.682292e-02 4.687500e-02 4.682292e-02 4.666667e-02 4.640625e-02 4.604167e-02 4.557292e-02 4.500000e-02 4.432292e-02 4.354167e-02 4.265625e-02 4.166667e-02 4.057292e-02 3.937500e-02 3.807292e-02 3.666667e-02 3.515625e-02 3.354167e-02 3.182292e-02 3.000000e-02 2.807292e-02 2.604167e-02 2.390625e-02 2.166667e-02 1.932292e-02 1.687500e-02 1.432292e-02 1.166667e-02 8.906250e-03 6.041667e-03 3.072917e-03 
3.204938e-03 6.301235e-03 9.288889e-03 1.216790e-02 1.493827e-02 1.760000e-02 2.015309e-02 2.259753e-02 2.493333e-02 2.716049e-02 2.927901e-02 3.128889e-02 3.319012e-02 3.498272e-02 3.666667e-02 3.824198e-02 3.970864e-02 4.106667e-02 4.231605e-02 4.345679e-02 4.448889e-02 4.541235e-02 4.622716e-02 4.693333e-02 4.753086e-02 4.801975e-02 4.840000e-02 4.867160e-02 4.883457e-02 4.888889e-02 4.883457e-02 4.867160e-02 4.840000e-02 4.801975e-02 4.753086e-02 4.693333e-02 4.622716e-02 4.541235e-02 4.448889e-02 4.345679e-02 4.231605e-02 4.106667e-02 3.970864e-02 3.824198e-02 3.666667e-02 3.498272e-02 3.319012e-02 3.128889e-02 2.927901e-02 2.716049e-02 2.493333e-02 2.259753e-02 2.015309e-02 1.760000e-02 1.493827e-02 1.216790e-02 9.288889e-03 6.301235e-03 3.204938e-03 
3.327855e-03 6.542901e-03 9.645139e-03 1.263457e-02 1.551119e-02 1.827500e-02 2.092600e-02 2.346420e-02 2.588958e-02 2.820216e-02 3.040193e-02 3.248889e-02 3.446304e-02 3.632438e-02 3.807292e-02 3.970864e-02 4.123156e-02 4.264167e-02 4.393897e-02 4.512346e-02 4.619514e-02 4.715401e-02 4.800008e-02 4.873333e-02 4.935378e-02 4.986142e-02 5.025625e-02 5.053827e-02 5.070748e-02 5.076389e-02 5.070748e-02 5.053827e-02 5.025625e-02 4.986142e-02 4.935378e-02 4.873333e-02 4.800008e-02 4.715401e-02 4.619514e-02 4.512346e-02 4.393897e-02 4.264167e-02 4.123156e-02 3.970864e-02 3.807292e-02 3.632438e-02 3.446304e-02 3.248889e-02 3.040193e-02 2.820216e-02 2.588958e-02 2.346420e-02 2.092600e-02 1.827500e-02 1.551119e-02 1.263457e-02 9.645139e-03 6.542901e-03 3.327855e-03 
3.441667e-03 6.766667e-03 9.975000e-03 1.306667e-02 1.604167e-02 1.890000e-02 2.164167e-02 2.426667e-02 2.677500e-02 2.916667e-02 3.144167e-02 3.360000e-02 3.564167e-02 3.756667e-02 3.937500e-02 4.106667e-02 4.264167e-02 4.410000e-02 4.544167e-02 4.666667e-02 4.777500e-02 4.876667e-02 4.964167e-02 5.040000e-02 5.104167e-02 5.156667e-02 5.197500e-02 5.226667e-02 5.244167e-02 5.250000e-02 5.244167e-02 5.226667e-02 5.197500e-02 5.156667e-02 5.104167e-02 5.040000e-02 4.964167e-02 4.876667e-02 4.777500e-02 4.666667e-02 4.544167e-02 4.410000e-02 4.264167e-02 4.106667e-02 3.937500e-02 3.756667e-02 3.564167e-02 3.360000e-02 3.144167e-02 2.916667e-02 2.677500e-02 2.426667e-02 2.164167e-02 1.890000e-02 1.604167e-02 1.306667e-02 9.975000e-03 6.766667e-03 3.441667e-03 
3.546373e-03 6.972531e-03 1.027847e-02 1.346420e-02 1.652971e-02 1.947500e-02 2.230008e-02 2.500494e-02 2.758958e-02 3.005401e-02 3.239823e-02 3.462222e-02 3.672600e-02 3.870957e-02 4.057292e-02 4.231605e-02 4.393897e-02 4.544167e-02 4.682415e-02 4.808642e-02 4.922847e-02 5.025031e-02 5.115193e-02 5.193333e-02 5.259452e-02 5.313549e-02 5.355625e-02 5.385679e-02 5.403711e-02 5.409722e-02 5.403711e-02 5.385679e-02 5.355625e-02 5.313549e-02 5.259452e-02 5.193333e-02 5.115193e-02 5.025031e-02 4.922847e-02 4.808642e-02 4.682415e-02 4.544167e-02 4.393897e-02 4.231605e-02 4.057292e-02 3.870957e-02 3.672600e-02 3.462222e-02 3.239823e-02 3.005401e-02 2.758958e-02 2.500494e-02 2.230008e-02 1.947500e-02 1.652971e-02 1.346420e-02 1.027847e-02 6.972531e-03 3.546373e-03 
3.641975e-03 7.160494e-03 1.055556e-02 1.382716e-02 1.697531e-02 2.000000e-02 2.290123e-02 2.567901e-02 2.833333e-02 3.086420e-02 3.327160e-02 3.555556e-02 3.771605e-02 3.975309e-02 4.166667e-02 4.345679e-02 4.512346e-02 4.666667e-02 4.808642e-02 4.938272e-02 5.055556e-02 5.160494e-02 5.253086e-02 5.333333e-02 5.401235e-02 5.456790e-02 5.500000e-02 5.530864e-02 5.549383e-02 5.555556e-02 5.549383e-02 5.530864e-02 5.500000e-02 5.456790e-02 5.401235e-02 5.333333e-02 5.253086e-02 5.160494e-02 5.055556e-02 4.938272e-02 4.808642e-02 4.666667e-02 4.512346e-02 4.345679e-02 4.166667e-02 3.975309e-02 3.771605e-02 3.555556e-02 3.327160e-02 3.086420e-02 2.833333e-02 2.567901e-02 2.290123e-02 2.000000e-02 1.697531e-02 1.382716e-02 1.055556e-02 7.160494e-03 3.641975e-03 
3.728472e-03 7.330556e-03 1.080625e-02 1.415556e-02 1.737847e-02 2.047500e-02 2.344514e-02 2.628889e-02 2.900625e-02 3.159722e-02 3.406181e-02 3.640000e-02 3.861181e-02 4.069722e-02 4.265625e-02 4.448889e-02 4.619514e-02 4.777500e-02 4.922847e-02 5.055556e-02 5.175625e-02 5.283056e-02 5.377847e-02 5.460000e-02 5.529514e-02 5.586389e-02 5.630625e-02 5.662222e-02 5.681181e-02 5.687500e-02 5.681181e-02 5.662222e-02 5.630625e-02 5.586389e-02 5.529514e-02 5.460000e-02 5.377847e-02 5.283056e-02 5.175625e-02 5.055556e-02 4.922847e-02 4.777500e-02 4.619514e-02 4.448889e-02 4.265625e-02 4.069722e-02 3.861181e-02 3.640000e-02 3.406181e-02 3.159722e-02 2.900625e-02 2.628889e-02 2.344514e-02 2.047500e-02 1.737847e-02 1.415556e-02 1.080625e-02 7.330556e-03 3.728472e-03 
3.805864e-03 7.482716e-03 1.103056e-02 1.444938e-02 1.773920e-02 2.090000e-02 2.393179e-02 2.683457e-02 2.960833e-02 3.225309e-02 3.476883e-02 3.715556e-02 3.941327e-02 4.154198e-02 4.354167e-02 4.541235e-02 4.715401e-02 4.876667e-02 5.025031e-02 5.160494e-02 5.283056e-02 5.392716e-02 5.489475e-02 5.573333e-02 5.644290e-02 5.702346e-02 5.747500e-02 5.779753e-02 5.799105e-02 5.805556e-02 5.799105e-02 5.779753e-02 5.747500e-02 5.702346e-02 5.644290e-02 5.573333e-02 5.489475e-02 5.392716e-02 5.283056e-02 5.160494e-02 5.025031e-02 4.876667e-02 4.715401e-02 4.541235e-02 4.354167e-02 4.154198e-02 3.941327e-02 3.715556e-02 3.476883e-02 3.225309e-02 2.960833e-02 2.683457e-02 2.393179e-02 2.090000e-02 1.773920e-02 1.444938e-02 1.103056e-02 7.482716e-03 3.805864e-03 
3.874151e-03 7.616975e-03 1.122847e-02 1.470864e-02 1.805748e-02 2.127500e-02 2.436119e-02 2.731605e-02 3.013958e-02 3.283179e-02 3.539267e-02 3.782222e-02 4.012045e-02 4.228735e-02 4.432292e-02 4.622716e-02 4.800008e-02 4.964167e-02 5.115193e-02 5.253086e-02 5.377847e-02 5.489475e-02 5.587971e-02 5.673333e-02 5.745563e-02 5.804660e-02 5.850625e-02 5.883457e-02 5.903156e-02 5.909722e-02 5.903156e-02 5.883457e-02 5.850625e-02 5.804660e-02 5.745563e-02 5.673333e-02 5.587971e-02 5.489475e-02 5.377847e-02 5.253086e-02 5.115193e-02 4.964167e-02 4.800008e-02 4.622716e-02 4.432292e-02 4.228735e-02 4.012045e-02 3.782222e-02 3.539267e-02 3.283179e-02 3.013958e-02 2.731605e-02 2.436119e-02 2.127500e-02 1.805748e-02 1.470864e-02 1.122847e-02 7.616975e-03 3.874151e-03 
3.933333e-03 7.733333e-03 1.140000e-02 1.493333e-02 1.833333e-02 2.160000e-02 2.473333e-02 2.773333e-02 3.060000e-02 3.333333e-02 3.593333e-02 3.840000e-02 4.073333e-02 4.293333e-02 4.500000e-02 4.693333e-02 4.873333e-02 5.040000e-02 5.193333e-02 5.333333e-02 5.460000e-02 5.573333e-02 5.673333e-02 5.760000e-02 5.833333e-02 5.893333e-02 5.940000e-02 5.973333e-02 5.993333e-02 6.000000e-02 5.993333e-02 5.973333e-02 5.940000e-02 5.893333e-02 5.833333e-02 5.760000e-02 5.673333e-02 5.573333e-02 5.460000e-02 5.333333e-02 5.193333e-02 5.040000e-02 4.873333e-02 4.693333e-02 4.500000e-02 4.293333e-02 4.073333e-02 3.840000e-02 3.593333e-02 3.333333e-02 3.060000e-02 2.773333e-02 2.473333e-02 2.160000e-02 1.833333e-02 1.493333e-02 1.140000e-02 7.733333e-03 3.933333e-03 
3.983410e-03 7.831790e-03 1.154514e-02 1.512346e-02 1.856674e-02 2.187500e-02 2.504823e-02 2.808642e-02 3.098958e-02 3.375772e-02 3.639082e-02 3.888889e-02 4.125193e-02 4.347994e-02 4.557292e-02 4.753086e-02 4.935378e-02 5.104167e-02 5.259452e-02 5.401235e-02 5.529514e-02 5.644290e-02 5.745563e-02 5.833333e-02 5.907600e-02 5.968364e-02 6.015625e-02 6.049383e-02 6.069637e-02 6.076389e-02 6.069637e-02 6.049383e-02 6.015625e-02 5.968364e-02 5.907600e-02 5.833333e-02 5.745563e-02 5.644290e-02 5.529514e-02 5.401235e-02 5.259452e-02 5.104167e-02 4.935378e-02 4.753086e-02 4.557292e-02 4.347994e-02 4.125193e-02 3.888889e-02 3.639082e-02 3.375772e-02 3.098958e-02 2.808642e-02 2.504823e-02 2.187500e-02 1.856674e-02 1.512346e-02 1.154514e-02 7.831790e-03 3.983410e-03 
4.024383e-03 7.912346e-03 1.166389e-02 1.527901e-02 1.875772e-02 2.210000e-02 2.530586e-02 2.837531e-02 3.130833e-02 3.410494e-02 3.676512e-02 3.928889e-02 4.167623e-02 4.392716e-02 4.604167e-02 4.801975e-02 4.986142e-02 5.156667e-02 5.313549e-02 5.456790e-02 5.586389e-02 5.702346e-02 5.804660e-02 5.893333e-02 5.968364e-02 6.029753e-02 6.077500e-02 6.111605e-02 6.132068e-02 6.138889e-02 6.132068e-02 6.111605e-02 6.077500e-02 6.029753e-02 5.968364e-02 5.893333e-02 5.804660e-02 5.702346e-02 5.586389e-02 5.456790e-02 5.313549e-02 5.156667e-02 4.986142e-02 4.801975e-02 4.604167e-02 4.392716e-02 4.167623e-02 3.928889e-02 3.676512e-02 3.410494e-02 3.130833e-02 2.837531e-02 2.530586e-02 2.210000e-02 1.875772e-02 1.527901e-02 1.166389e-02 7.912346e-03 4.024383e-03 
4.056250e-03 7.975000e-03 1.175625e-02 1.540000e-02 1.890625e-02 2.227500e-02 2.550625e-02 2.860000e-02 3.155625e-02 3.437500e-02 3.705625e-02 3.960000e-02 4.200625e-02 4.427500e-02 4.640625e-02 4.840000e-02 5.025625e-02 5.197500e-02 5.355625e-02 5.500000e-02 5.630625e-02 5.747500e-02 5.850625e-02 5.940000e-02 6.015625e-02 6.077500e-02 6.125625e-02 6.160000e-02 6.180625e-02 6.187500e-02 6.180625e-02 6.160000e-02 6.125625e-02 6.077500e-02 6.015625e-02 5.940000e-02 5.850625e-02 5.747500e-02 5.630625e-02 5.500000e-02 5.355625e-02 5.197500e-02 5.025625e-02 4.840000e-02 4.640625e-02 4.427500e-02 4.200625e-02 3.960000e-02 3.705625e-02 3.437500e-02 3.155625e-02 2.860000e-02 2.550625e-02 2.227500e-02 1.890625e-02 1.540000e-02 1.175625e-02 7.975000e-03 4.056250e-03 
4.079012e-03 8.019753e-03 1.182222e-02 1.548642e-02 1.901235e-02 2.240000e-02 2.564938e-02 2.876049e-02 3.173333e-02 3.456790e-02 3.726420e-02 3.982222e-02 4.224198e-02 4.452346e-02 4.666667e-02 4.867160e-02 5.053827e-02 5.226667e-02 5.385679e-02 5.530864e-02 5.662222e-02 5.779753e-02 5.883457e-02 5.973333e-02 6.049383e-02 6.111605e-02 6.160000e-02 6.194568e-02 6.215309e-02 6.222222e-02 6.215309e-02 6.194568e-02 6.160000e-02 6.111605e-02 6.049383e-02 5.973333e-02 5.883457e-02 5.779753e-02 5.662222e-02 5.530864e-02 5.385679e-02 5.226667e-02 5.053827e-02 4.867160e-02 4.666667e-02 4.452346e-02 4.224198e-02 3.982222e-02 3.726420e-02 3.456790e-02 3.173333e-02 2.876049e-02 2.564938e-02 2.240000e-02 1.901235e-02 1.548642e-02 1.182222e-02 8.019753e-03 4.079012e-03 
4.092670e-03 8.046605e-03 1.186181e-02 1.553827e-02 1.907600e-02 2.247500e-02 2.573526e-02 2.885679e-02 3.183958e-02 3.468364e-02 3.738897e-02 3.995556e-02 4.238341e-02 4.467253e-02 4.682292e-02 4.883457e-02 5.070748e-02 5.244167e-02 5.403711e-02 5.549383e-02 5.681181e-02 5.799105e-02 5.903156e-02 5.993333e-02 6.069637e-02 6.132068e-02 6.180625e-02 6.215309e-02 6.236119e-02 6.243056e-02 6.236119e-02 6.215309e-02 6.180625e-02 6.132068e-02 6.069637e-02 5.993333e-02 5.903156e-02 5.799105e-02 5.681181e-02 5.549383e-02 5.403711e-02 5.244167e-02 5.070748e-02 4.883457e-02 4.682292e-02 4.467253e-02 4.238341e-02 3.995556e-02 3.738897e-02 3.468364e-02 3.183958e-02 2.885679e-02 2.573526e-02 2.247500e-02 1.907600e-02 1.553827e-02 1.186181e-02 8.046605e-03 4.092670e-03 
4.097222e-03 8.055556e-03 1.187500e-02 1.555556e-02 1.909722e-02 2.250000e-02 2.576389e-02 2.888889e-02 3.187500e-02 3.472222e-02 3.743056e-02 4.000000e-02 4.243056e-02 4.472222e-02 4.687500e-02 4.888889e-02 5.076389e-02 5.250000e-02 5.409722e-02 5.555556e-02 5.687500e-02 5.805556e-02 5.909722e-02 6.000000e-02 6.076389e-02 6.138889e-02 6.187500e-02 6.222222e-02 6.243056e-02 6.250000e-02 6.243056e-02 6.222222e-02 6.187500e-02 6.138889e-02 6.076389e-02 6.000000e-02 5.909722e-02 5.805556e-02 5.687500e-02 5.555556e-02 5.409722e-02 5.250000e-02 5.076389e-02 4.888889e-02 4.687500e-02 4.472222e-02 4.243056e-02 4.000000e-02 3.743056e-02 3.472222e-02 3.187500e-02 2.888889e-02 2.576389e-02 2.250000e-02 1.909722e-02 1.555556e-02 1.187500e-02 8.055556e-03 4.097222e-03 
4.092670e-03 8.046605e-03 1.186181e-02 1.553827e-02 1.907600e-02 2.247500e-02 2.573526e-02 2.885679e-02 3.183958e-02 3.468364e-02 3.738897e-02 3.995556e-02 4.238341e-02 4.467253e-02 4.682292e-02 4.883457e-02 5.070748e-02 5.244167e-02 5.403711e-02 5.549383e-02 5.681181e-02 5.799105e-02 5.903156e-02 5.993333e-02 6.069637e-02 6.132068e-02 6.180625e-02 6.215309e-02 6.236119e-02 6.243056e-02 6.236119e-02 6.215309e-02 6.180625e-02 6.132068e-02 6.069637e-02 5.993333e-02 5.903156e-02 5.799105e-02 5.681181e-02 5.549383e-02 5.403711e-02 5.244167e-02 5.070748e-02 4.883457e-02 4.682292e-02 4.467253e-02 4.238341e-02 3.995556e-02 3.738897e-02 3.468364e-02 3.183958e-02 2.885679e-02 2.573526e-02 2.247500e-02 1.907600e-02 1.553827e-02 1.186181e-02 8.046605e-03 4.092670e-03 
4.079012e-03 8.019753e-03 1.182222e-02 1.548642e-02 1.901235e-02 2.240000e-02 2.564938e-02 2.876049e-02 3.173333e-02 3.456790e-02 3.726420e-02 3.982222e-02 4.224198e-02 4.452346e-02 4.666667e-02 4.867160e-02 5.053827e-02 5.226667e-02 5.385679e-02 5.530864e-02 5.662222e-02 5.779753e-02 5.883457e-02 5.973333e-02 6.049383e-02 6.111605e-02 6.160000e-02 6.194568e-02 6.215309e-02 6.222222e-02 6.215309e-02 6.194568e-02 6.160000e-02 6.111605e-02 6.049383e-02 5.973333e-02 5.883457e-02 5.779753e-02 5.662222e-02 5.530864e-02 5.385679e-02 5.226667e-02 5.053827e-02 4.867160e-02 4.666667e-02 4.452346e-02 4.224198e-02 3.982222e-02 3.726420e-02 3.456790e-02 3.173333e-02 2.876049e-02 2.564938e-02 2.240000e-02 1.901235e-02 1.548642e-02 1.182222e-02 8.019753e-03 4.079012e-03 
4.056250e-03 7.975000e-03 1.175625e-02 1.540000e-02 1.890625e-02 2.227500e-02 2.550625e-02 2.860000e-02 3.155625e-02 3.437500e-02 3.705625e-02 3.960000e-02 4.200625e-02 4.427500e-02 4.640625e-02 4.840000e-02 5.025625e-02 5.197500e-02 5.355625e-02 5.500000e-02 5.630625e-02 5.747500e-02 5.850625e-02 5.940000e-02 6.015625e-02 6.077500e-02 6.125625e-02 6.160000e-02 6.180625e-02 6.187500e-02 6.180625e-02 6.160000e-02 6.125625e-02 6.077500e-02 6.015625e-02 5.940000e-02 5.850625e-02 5.747500e-02 5.630625e-02 5.500000e-02 5.355625e-02 5.197500e-02 5.025625e-02 4.840000e-02 4.640625e-02 4.427500e-02 4.200625e-02 3.960000e-02 3.705625e-02 3.437500e-02 3.155625e-02 2.860000e-02 2.550625e-02 2.227500e-02 1.890625e-02 1.540000e-02 1.175625e-02 7.975000e-03 4.056250e-03 
4.024383e-03 7.912346e-03 1.166389e-02 1.527901e-02 1.875772e-02 2.210000e-02 2.530586e-02 2.837531e-02 3.130833e-02 3.410494e-02 3.676512e-02 3.928889e-02 4.167623e-02 4.392716e-02 4.604167e-02 4.801975e-02 4.986142e-02 5.156667e-02 5.313549e-02 5.456790e-02 5.586389e-02 5.702346e-02 5.804660e-02 5.893333e-02 5.968364e-02 6.029753e-02 6.077500e-02 6.111605e-02 6.132068e-02 6.138889e-02 6.132068e-02 6.111605e-02 6.077500e-02 6.029753e-02 5.968364e-02 5.893333e-02 5.804660e-02 5.702346e-02 5.586389e-02 5.456790e-02 5.313549e-02 5.156667e-02 4.986142e-02 4.801975e-02 4.604167e-02 4.392716e-02 4.167623e-02 3.928889e-02 3.676512e-02 3.410494e-02 3.130833e-02 2.837531e-02 2.530586e-02 2.210000e-02 1.875772e-02 1.527901e-02 1.166389e-02 7.912346e-03 4.024383e-03 
3.983410e-03 7.831790e-03 1.154514e-02 1.512346e-02 1.856674e-02 2.187500e-02 2.504823e-02 2.808642e-02 3.098958e-02 3.375772e-02 3.639082e-02 3.888889e-02 4.125193e-02 4.347994e-02 4.557292e-02 4.753086e-02 4.935378e-02 5.104167e-02 5.259452e-02 5.401235e-02 5.529514e-02 5.644290e-02 5.745563e-02 5.833333e-02 5.907600e-02 5.968364e-02 6.015625e-02 6.049383e-02 6.069637e-02 6.076389e-02 6.069637e-02 6.049383e-02 6.015625e-02 5.968364e-02 5.907600e-02 5.833333e-02 5.745563e-02 5.644290e-02 5.529514e-02 5.401235e-02 5.259452e-02 5.104167e-02 4.935378e-02 4.753086e-02 4.557292e-02 4.347994e-02 4.125193e-02 3.888889e-02 3.639082e-02 3.375772e-02 3.098958e-02 2.808642e-02 2.504823e-02 2.187500e-02 1.856674e-02 1.512346e-02 1.154514e-02 7.831790e-03 3.983410e-03 
3.933333e-03 7.733333e-03 1.140000e-02 1.493333e-02 1.833333e-02 2.160000e-02 2.473333e-02 2.773333e-02 3.060000e-02 3.333333e-02 3.593333e-02 3.840000e-02 4.073333e-02 4.293333e-02 4.500000e-02 4.693333e-02 4.873333e-02 5.040000e-02 5.193333e-02 5.333333e-02 5.460000e-02 5.573333e-02 5.673333e-02 5.760000e-02 5.833333e-02 5.893333e-02 5.940000e-02 5.973333e-02 5.993333e-02 6.000000e-02 5.993333e-02 5.973333e-02 5.940000e-02 5.893333e-02 5.833333e-02 5.760000e-02 5.673333e-02 5.573333e-02 5.460000e-02 5.333333e-02 5.193333e-02 5.040000e-02 4.873333e-02 4.693333e-02 4.500000e-02 4.293333e-02 4.073333e-02 3.840000e-02 3.593333e-02 3.333333e-02 3.060000e-02 2.773333e-02 2.473333e-02 2.160000e-02 1.833333e-02 1.493333e-02 1.140000e-02 7.733333e-03 3.933333e-03 
3.874151e-03 7.616975e-03 1.122847e-02 1.470864e-02 1.805748e-02 2.127500e-02 2.436119e-02 2.731605e-02 3.013958e-02 3.283179e-02 3.539267e-02 3.782222e-02 4.012045e-02 4.228735e-02 4.432292e-02 4.622716e-02 4.800008e-02 4.964167e-02 5.115193e-02 5.253086e-02 5.377847e-02 5.489475e-02 5.587971e-02 5.673333e-02 5.745563e-02 5.804660e-02 5.850625e-02 5.883457e-02 5.903156e-02 5.909722e-02 5.903156e-02 5.883457e-02 5.850625e-02 5.804660e-02 5.745563e-02 5.673333e-02 5.587971e-02 5.489475e-02 5.377847e-02 5.253086e-02 5.115193e-02 4.964167e-02 4.800008e-02 4.622716e-02 4.432292e-02 4.228735e-02 4.012045e-02 3.782222e-02 3.539267e-02 3.283179e-02 3.013958e-02 2.731605e-02 2.436119e-02 2.127500e-02 1.805748e-02 1.470864e-02 1.122847e-02 7.616975e-03 3.874151e-03 
3.805864e-03 7.482716e-03 1.103056e-02 1.444938e-02 1.773920e-02 2.090000e-02 2.393179e-02 2.683457e-02 2.960833e-02 3.225309e-02 3.476883e-02 3.715556e-02 3.941327e-02 4.154198e-02 4.354167e-02 4.541235e-02 4.715401e-02 4.876667e-02 5.025031e-02 5.160494e-02 5.283056e-02 5.392716e-02 5.489475e-02 5.573333e-02 5.644290e-02 5.702346e-02 5.747500e-02 5.779753e-02 5.799105e-02 5.805556e-02 5.799105e-02 5.779753e-02 5.747500e-02 5.702346e-02 5.644290e-02 5.573333e-02 5.489475e-02 5.392716e-02 5.283056e-02 5.160494e-02 5.025031e-02 4.876667e-02 4.715401e-02 4.541235e-02 4.354167e-02 4.154198e-02 3.941327e-02 3.715556e-02 3.476883e-02 3.225309e-02 2.960833e-02 2.683457e-02 2.393179e-02 2.090000e-02 1.773920e-02 1.444938e-02 1.103056e-02 7.482716e-03 3.805864e-03 
3.728472e-03 7.330556e-03 1.080625e-02 1.415556e-02 1.737847e-02 2.047500e-02 2.344514e-02 2.628889e-02 2.900625e-02 3.159722e-02 3.406181e-02 3.640000e-02 3.861181e-02 4.069722e-02 4.265625e-02 4.448889e-02 4.619514e-02 4.777500e-02 4.922847e-02 5.055556e-02 5.175625e-02 5.283056e-02 5.377847e-02 5.460000e-02 5.529514e-02 5.586389e-02 5.630625e-02 5.662222e-02 5.681181e-02 5.687500e-02 5.681181e-02 5.662222e-02 5.630625e-02 5.586389e-02 5.529514e-02 5.460000e-02 5.377847e-02 5.283056e-02 5.175625e-02 5.055556e-02 4.922847e-02 4.777500e-02 4.619514e-02 4.448889e-02 4.265625e-02 4.069722e-02 3.861181e-02 3.640000e-02 3.406181e-02 3.159722e-02 2.900625e-02 2.628889e-02 2.344514e-02 2.047500e-02 1.737847e-02 1.415556e-02 1.080625e-02 7.330556e-03 3.728472e-03 
3.641975e-03 7.160494e-03 1.055556e-02 1.382716e-02 1.697531e-02 2.000000e-02 2.290123e-02 2.567901e-02 2.833333e-02 3.086420e-02 3.327160e-02 3.555556e-02 3.771605e-02 3.975309e-02 4.166667e-02 4.345679e-02 4.512346e-02 4.666667e-02 4.808642e-02 4.938272e-02 5.055556e-02 5.160494e-02 5.253086e-02 5.333333e-02 5.401235e-02 5.456790e-02 5.500000e-02 5.530864e-02 5.549383e-02 5.555556e-02 5.549383e-02 5.530864e-02 5.500000e-02 5.456790e-02 5.401235e-02 5.333333e-02 5.253086e-02 5.160494e-02 5.055556e-02 4.938272e-02 4.808642e-02 4.666667e-02 4.512346e-02 4.345679e-02 4.166667e-02 3.975309e-02 3.771605e-02 3.555556e-02 3.327160e-02 3.086420e-02 2.833333e-02 2.567901e-02 2.290123e-02 2.000000e-02 1.697531e-02 1.382716e-02 1.055556e-02 7.160494e-03 3.641975e-03 
3.546373e-03 6.972531e-03 1.027847e-02 1.346420e-02 1.652971e-02 1.947500e-02 2.230008e-02 2.500494e-02 2.758958e-02 3.005401e-02 3.239823e-02 3.462222e-02 3.672600e-02 3.870957e-02 4.057292e-02 4.231605e-02 4.393897e-02 4.544167e-02 4.682415e-02 4.808642e-02 4.922847e-02 5.025031e-02 5.115193e-02 5.193333e-02 5.259452e-02 5.313549e-02 5.355625e-02 5.385679e-02 5.403711e-02 5.409722e-02 5.403711e-02 5.385679e-02 5.355625e-02 5.313549e-02 5.259452e-02 5.193333e-02 5.115193e-02 5.025031e-02 4.922847e-02 4.808642e-02 4.682415e-02 4.544167e-02 4.393897e-02 4.231605e-02 4.057292e-02 3.870957e-02 3.672600e-02 3.462222e-02 3.239823e-02 3.005401e-02 2.758958e-02 2.500494e-02 2.230008e-02 1.947500e-02 1.652971e-02 1.346420e-02 1.027847e-02 6.972531e-03 3.546373e-03 
3.441667e-03 6.766667e-03 9.975000e-03 1.306667e-02 1.604167e-02 1.890000e-02 2.164167e-02 2.426667e-02 2.677500e-02 2.916667e-02 3.144167e-02 3.360000e-02 3.564167e-02 3.756667e-02 3.937500e-02 4.106667e-02 4.264167e-02 4.410000e-02 4.544167e-02 4.666667e-02 4.777500e-02 4.876667e-02 4.964167e-02 5.040000e-02 5.104167e-02 5.156667e-02 5.197500e-02 5.226667e-02 5.244167e-02 5.250000e-02 5.244167e-02 5.226667e-02 5.197500e-02 5.156667e-02 5.104167e-02 5.040000e-02 4.964167e-02 4.876667e-02 4.777500e-02 4.666667e-02 4.544167e-02 4.410000e-02 4.264167e-02 4.106667e-02 3.937500e-02 3.756667e-02 3.564167e-02 3.360000e-02 3.144167e-02 2.916667e-02 2.677500e-02 2.426667e-02 2.164167e-02 1.890000e-02 1.604167e-02 1.306667e-02 9.975000e-03 6.766667e-03 3.441667e-03 
3.327855e-03 6.542901e-03 9.645139e-03 1.263457e-02 1.551119e-02 1.827500e-02 2.092600e-02 2.346420e-02 2.588958e-02 2.820216e-02 3.040193e-02 3.248889e-02 3.446304e-02 3.632438e-02 3.807292e-02 3.970864e-02 4.123156e-02 4.264167e-02 4.393897e-02 4.512346e-02 4.619514e-02 4.715401e-02 4.800008e-02 4.873333e-02 4.935378e-02 4.986142e-02 5.025625e-02 5.053827e-02 5.070748e-02 5.076389e-02 5.070748e-02 5.053827e-02 5.025625e-02 4.986142e-02 4.935378e-02 4.873333e-02 4.800008e-02 4.715401e-02 4.619514e-02 4.512346e-02 4.393897e-02 4.264167e-02 4.123156e-02 3.970864e-02 3.807292e-02 3.632438e-02 3.446304e-02 3.248889e-02 3.040193e-02 2.820216e-02 2.588958e-02 2.346420e-02 2.092600e-02 1.827500e-02 1.551119e-02 1.263457e-02 9.645139e-03 6.542901e-03 3.327855e-03 
3.204938e-03 6.301235e-03 9.288889e-03 1.216790e-02 1.493827e-02 1.760000e-02 2.015309e-02 2.259753e-02 2.493333e-02 2.716049e-02 2.927901e-02 3.128889e-02 3.319012e-02 3.498272e-02 3.666667e-02 3.824198e-02 3.970864e-02 4.106667e-02 4.231605e-02 4.345679e-02 4.448889e-02 4.541235e-02 4.622716e-02 4.693333e-02 4.753086e-02 4.801975e-02 4.840000e-02 4.867160e-02 4.883457e-02 4.888889e-02 4.883457e-02 4.867160e-02 4.840000e-02 4.801975e-02 4.753086e-02 4.693333e-02 4.622716e-02 4.541235e-02 4.448889e-02 4.345679e-02 4.231605e-02 4.106667e-02 3.970864e-02 3.824198e-02 3.666667e-02 3.498272e-02 3.319012e-02 3.128889e-02 2.927901e-02 2.716049e-02 2.493333e-02 2.259753e-02 2.015309e-02 1.760000e-02 1.493827e-02 1.216790e-02 9.288889e-03 6.301235e-03 3.204938e-03 
3.072917e-03 6.041667e-03 8.906250e-03 1.166667e-02 1.432292e-02 1.687500e-02 1.932292e-02 2.166667e-02 2.390625e-02 2.604167e-02 2.807292e-02 3.000000e-02 3.182292e-02 3.354167e-02 3.515625e-02 3.666667e-02 3.807292e-02 3.937500e-02 4.057292e-02 4.166667e-02 4.265625e-02 4.354167e-02 4.432292e-02 4.500000e-02 4.557292e-02 4.604167e-02 4.640625e-02 4.666667e-02 4.682292e-02 4.687500e-02 4.682292e-02 4.666667e-02 4.640625e-02 4.604167e-02 4.557292e-02 4.500000e-02 4.432292e-02 4.354167e-02 4.265625e-02 4.166667e-02 4.057292e-02 3.937500e-02 3.807292e-02 3.666667e-02 3.515625e-02 3.354167e-02 3.182292e-02 3.000000e-02 2.807292e-02 2.604167e-02 2.390625e-02 2.166667e-02 1.932292e-02 1.687500e-02 1.432292e-02 1.166667e-02 8.906250e-03 6.041667e-03 3.072917e-03 
2.931790e-03 5.764198e-03 8.497222e-03 1.113086e-02 1.366512e-02 1.610000e-02 1.843549e-02 2.067160e-02 2.280833e-02 2.484568e-02 2.678364e-02 2.862222e-02 3.036142e-02 3.200123e-02 3.354167e-02 3.498272e-02 3.632438e-02 3.756667e-02 3.870957e-02 3.975309e-02 4.069722e-02 4.154198e-02 4.228735e-02 4.293333e-02 4.347994e-02 4.392716e-02 4.427500e-02 4.452346e-02 4.467253e-02 4.472222e-02 4.467253e-02 4.452346e-02 4.427500e-02 4.392716e-02 4.347994e-02 4.293333e-02 4.228735e-02 4.154198e-02 4.069722e-02 3.975309e-02 3.870957e-02 3.756667e-02 3.632438e-02 3.498272e-02 3.354167e-02 3.200123e-02 3.036142e-02 2.862222e-02 2.678364e-02 2.484568e-02 2.280833e-02 2.067160e-02 1.843549e-02 1.610000e-02 1.366512e-02 1.113086e-02 8.497222e-03 5.764198e-03 2.931790e-03 
2.781559e-03 5.468827e-03 8.061806e-03 1.056049e-02 1.296489e-02 1.527500e-02 1.749082e-02 1.961235e-02 2.163958e-02 2.357253e-02 2.541119e-02 2.715556e-02 2.880563e-02 3.036142e-02 3.182292e-02 3.319012e-02 3.446304e-02 3.564167e-02 3.672600e-02 3.771605e-02 3.861181e-02 3.941327e-02 4.012045e-02 4.073333e-02 4.125193e-02 4.167623e-02 4.200625e-02 4.224198e-02 4.238341e-02 4.243056e-02 4.238341e-02 4.224198e-02 4.200625e-02 4.167623e-02 4.125193e-02 4.073333e-02 4.012045e-02 3.941327e-02 3.861181e-02 3.771605e-02 3.672600e-02 3.564167e-02 3.446304e-02 3.319012e-02 3.182292e-02 3.036142e-02 2.880563e-02 2.715556e-02 2.541119e-02 2.357253e-02 2.163958e-02 1.961235e-02 1.749082e-02 1.527500e-02 1.296489e-02 1.056049e-02 8.061806e-03 5.468827e-03 2.781559e-03 
2.622222e-03 5.155556e-03 7.600000e-03 9.955556e-03 1.222222e-02 1.440000e-02 1.648889e-02 1.848889e-02 2.040000e-02 2.222222e-02 2.395556e-02 2.560000e-02 2.715556e-02 2.862222e-02 3.000000e-02 3.128889e-02 3.248889e-02 3.360000e-02 3.462222e-02 3.555556e-02 3.640000e-02 3.715556e-02 3.782222e-02 3.840000e-02 3.888889e-02 3.928889e-02 3.960000e-02 3.982222e-02 3.995556e-02 4.000000e-02 3.995556e-02 3.982222e-02 3.960000e-02 3.928889e-02 3.888889e-02 3.840000e-02 3.782222e-02 3.715556e-02 3.640000e-02 3.555556e-02 3.462222e-02 3.360000e-02 3.248889e-02 3.128889e-02 3.000000e-02 2.862222e-02 2.715556e-02 2.560000e-02 2.395556e-02 2.222222e-02 2.040000e-02 1.848889e-02 1.648889e-02 1.440000e-02 1.222222e-02 9.955556e-03 7.600000e-03 5.155556e-03 2.622222e-03 
2.453781e-03 4.824383e-03 7.111806e-03 9.316049e-03 1.143711e-02 1.347500e-02 1.542971e-02 1.730123e-02 1.908958e-02 2.079475e-02 2.241674e-02 2.395556e-02 2.541119e-02 2.678364e-02 2.807292e-02 2.927901e-02 3.040193e-02 3.144167e-02 3.239823e-02 3.327160e-02 3.406181e-02 3.476883e-02 3.539267e-02 3.593333e-02 3.639082e-02 3.676512e-02 3.705625e-02 3.726420e-02 3.738897e-02 3.743056e-02 3.738897e-02 3.726420e-02 3.705625e-02 3.676512e-02 3.639082e-02 3.593333e-02 3.539267e-02 3.476883e-02 3.406181e-02 3.327160e-02 3.239823e-02 3.144167e-02 3.040193e-02 2.927901e-02 2.807292e-02 2.678364e-02 2.541119e-02 2.395556e-02 2.241674e-02 2.079475e-02 1.908958e-02 1.730123e-02 1.542971e-02 1.347500e-02 1.143711e-02 9.316049e-03 7.111806e-03 4.824383e-03 2.453781e-03 
2.276235e-03 4.475309e-03 6.597222e-03 8.641975e-03 1.060957e-02 1.250000e-02 1.431327e-02 1.604938e-02 1.770833e-02 1.929012e-02 2.079475e-02 2.222222e-02 2.357253e-02 2.484568e-02 2.604167e-02 2.716049e-02 2.820216e-02 2.916667e-02 3.005401e-02 3.086420e-02 3.159722e-02 3.225309e-02 3.283179e-02 3.333333e-02 3.375772e-02 3.410494e-02 3.437500e-02 3.456790e-02 3.468364e-02 3.472222e-02 3.468364e-02 3.456790e-02 3.437500e-02 3.410494e-02 3.375772e-02 3.333333e-02 3.283179e-02 3.225309e-02 3.159722e-02 3.086420e-02 3.005401e-02 2.916667e-02 2.820216e-02 2.716049e-02 2.604167e-02 2.484568e-02 2.357253e-02 2.222222e-02 2.079475e-02 1.929012e-02 1.770833e-02 1.604938e-02 1.431327e-02 1.250000e-02 1.060957e-02 8.641975e-03 6.597222e-03 4.475309e-03 2.276235e-03 
2.089583e-03 4.108333e-03 6.056250e-03 7.933333e-03 9.739583e-03 1.147500e-02 1.313958e-02 1.473333e-02 1.625625e-02 1.770833e-02 1.908958e-02 2.040000e-02 2.163958e-02 2.280833e-02 2.390625e-02 2.493333e-02 2.588958e-02 2.677500e-02 2.758958e-02 2.833333e-02 2.900625e-02 2.960833e-02 3.013958e-02 3.060000e-02 3.098958e-02 3.130833e-02 3.155625e-02 3.173333e-02 3.183958e-02 3.187500e-02 3.183958e-02 3.173333e-02 3.155625e-02 3.130833e-02 3.098958e-02 3.060000e-02 3.013958e-02 2.960833e-02 2.900625e-02 2.833333e-02 2.758958e-02 2.677500e-02 2.588958e-02 2.493333e-02 2.390625e-02 2.280833e-02 2.163958e-02 2.040000e-02 1.908958e-02 1.770833e-02 1.625625e-02 1.473333e-02 1.313958e-02 1.147500e-02 9.739583e-03 7.933333e-03 6.056250e-03 4.108333e-03 2.089583e-03 
1.893827e-03 3.723457e-03 5.488889e-03 7.190123e-03 8.827160e-03 1.040000e-02 1.190864e-02 1.335309e-02 1.473333e-02 1.604938e-02 1.730123e-02 1.848889e-02 1.961235e-02 2.067160e-02 2.166667e-02 2.259753e-02 2.346420e-02 2.426667e-02 2.500494e-02 2.567901e-02 2.628889e-02 2.683457e-02 2.731605e-02 2.773333e-02 2.808642e-02 2.837531e-02 2.860000e-02 2.876049e-02 2.885679e-02 2.888889e-02 2.885679e-02 2.876049e-02 2.860000e-02 2.837531e-02 2.808642e-02 2.773333e-02 2.731605e-02 2.683457e-02 2.628889e-02 2.567901e-02 2.500494e-02 2.426667e-02 2.346420e-02 2.259753e-02 2.166667e-02 2.067160e-02 1.961235e-02 1.848889e-02 1.730123e-02 1.604938e-02 1.473333e-02 1.335309e-02 1.190864e-02 1.040000e-02 8.827160e-03 7.190123e-03 5.488889e-03 3.723457e-03 1.893827e-03 
