2.670993e-04 5.251005e-04 7.739994e-04 1.013814e-03 1.244529e-03 1.466173e-03 1.678720e-03 1.882208e-03 2.076603e-03 2.261952e-03 2.438208e-03 2.605432e-03 2.763565e-03 2.912676e-03 3.052699e-03 3.183710e-03 3.305635e-03 3.418556e-03 3.522394e-03 3.617236e-03 3.702996e-03 3.779768e-03 3.847458e-03 3.906165e-03 3.955793e-03 3.996441e-03 4.028010e-03 4.050603e-03 4.064117e-03 4.068656e-03 4.064117e-03 4.050603e-03 4.028010e-03 3.996441e-03 3.955793e-03 3.906165e-03 3.847458e-03 3.779768e-03 3.702996e-03 3.617236e-03 3.522394e-03 3.418556e-03 3.305635e-03 3.183710e-03 3.052699e-03 2.912676e-03 2.763565e-03 2.605432e-03 2.438208e-03 2.261952e-03 2.076603e-03 1.882208e-03 1.678720e-03 1.466173e-03 1.244529e-03 1.013814e-03 7.739994e-04 5.251005e-04 2.670993e-04 
5.251005e-04 1.032302e-03 1.521630e-03 1.993065e-03 2.446653e-03 2.882353e-03 3.300233e-03 3.700230e-03 4.082431e-03 4.446756e-03 4.793309e-03 5.121990e-03 5.432922e-03 5.725986e-03 6.001324e-03 6.258797e-03 6.498562e-03 6.720467e-03 6.924682e-03 7.111039e-03 7.279720e-03 7.430547e-03 7.563711e-03 7.679022e-03 7.776680e-03 7.856488e-03 7.918649e-03 7.962960e-03 7.989629e-03 7.998450e-03 7.989629e-03 7.962960e-03 7.918649e-03 7.856488e-03 7.776680e-03 7.679022e-03 7.563711e-03 7.430547e-03 7.279720e-03 7.111039e-03 6.924682e-03 6.720467e-03 6.498562e-03 6.258797e-03 6.001324e-03 5.725986e-03 5.432922e-03 5.121990e-03 4.793309e-03 4.446756e-03 4.082431e-03 3.700230e-03 3.300233e-03 2.882353e-03 2.446653e-03 1.993065e-03 1.521630e-03 1.032302e-03 5.251005e-04 
7.739994e-04 1.521630e-03 2.242881e-03 2.937803e-03 3.606353e-03 4.248615e-03 4.864512e-03 5.454160e-03 6.017451e-03 6.554530e-03 7.065259e-03 7.549812e-03 8.008022e-03 8.440088e-03 8.845818e-03 9.225435e-03 9.578722e-03 9.905922e-03 1.020680e-02 1.048161e-02 1.073010e-02 1.095255e-02 1.114869e-02 1.131879e-02 1.146259e-02 1.158037e-02 1.167184e-02 1.173730e-02 1.177646e-02 1.178961e-02 1.177646e-02 1.173730e-02 1.167184e-02 1.158037e-02 1.146259e-02 1.131879e-02 1.114869e-02 1.095255e-02 1.073010e-02 1.048161e-02 1.020680e-02 9.905922e-03 9.578722e-03 9.225435e-03 8.845818e-03 8.440088e-03 8.008022e-03 7.549812e-03 7.065259e-03 6.554530e-03 6.017451e-03 5.454160e-03 4.864512e-03 4.248615e-03 3.606353e-03 2.937803e-03 2.242881e-03 1.521630e-03 7.739994e-04 
1.013814e-03 1.993065e-03 2.937803e-03 3.847989e-03 4.723715e-03 5.564900e-03 6.371677e-03 7.143924e-03 7.881813e-03 8.585182e-03 9.254242e-03 9.888791e-03 1.048908e-02 1.105486e-02 1.158642e-02 1.208349e-02 1.254638e-02 1.297477e-02 1.336902e-02 1.372879e-02 1.405444e-02 1.434562e-02 1.460270e-02 1.482531e-02 1.501384e-02 1.516791e-02 1.528791e-02 1.537346e-02 1.542494e-02 1.544197e-02 1.542494e-02 1.537346e-02 1.528791e-02 1.516791e-02 1.501384e-02 1.482531e-02 1.460270e-02 1.434562e-02 1.405444e-02 1.372879e-02 1.336902e-02 1.297477e-02 1.254638e-02 1.208349e-02 1.158642e-02 1.105486e-02 1.048908e-02 9.888791e-03 9.254242e-03 8.585182e-03 7.881813e-03 7.143924e-03 6.371677e-03 5.564900e-03 4.723715e-03 3.847989e-03 2.937803e-03 1.993065e-03 1.013814e-03 
1.244529e-03 2.446653e-03 3.606353e-03 4.723715e-03 5.798666e-03 6.831346e-03 7.821627e-03 8.769701e-03 9.675390e-03 1.053893e-02 1.136010e-02 1.213919e-02 1.287591e-02 1.357060e-02 1.422293e-02 1.483329e-02 1.540130e-02 1.592738e-02 1.641112e-02 1.685297e-02 1.725249e-02 1.761014e-02 1.792548e-02 1.819898e-02 1.843016e-02 1.861953e-02 1.876659e-02 1.887185e-02 1.893480e-02 1.895595e-02 1.893480e-02 1.887185e-02 1.876659e-02 1.861953e-02 1.843016e-02 1.819898e-02 1.792548e-02 1.761014e-02 1.725249e-02 1.685297e-02 1.641112e-02 1.592738e-02 1.540130e-02 1.483329e-02 1.422293e-02 1.357060e-02 1.287591e-02 1.213919e-02 1.136010e-02 1.053893e-02 9.675390e-03 8.769701e-03 7.821627e-03 6.831346e-03 5.798666e-03 4.723715e-03 3.606353e-03 2.446653e-03 1.244529e-03 
1.466173e-03 2.882353e-03 4.248615e-03 5.564900e-03 6.831346e-03 8.047831e-03 9.214555e-03 1.033133e-02 1.139843e-02 1.241559e-02 1.338314e-02 1.430077e-02 1.516885e-02 1.598704e-02 1.675573e-02 1.747454e-02 1.814392e-02 1.876342e-02 1.933354e-02 1.985380e-02 2.032472e-02 2.074577e-02 2.111754e-02 2.143944e-02 2.171208e-02 2.193487e-02 2.210841e-02 2.223210e-02 2.230656e-02 2.233118e-02 2.230656e-02 2.223210e-02 2.210841e-02 2.193487e-02 2.171208e-02 2.143944e-02 2.111754e-02 2.074577e-02 2.032472e-02 1.985380e-02 1.933354e-02 1.876342e-02 1.814392e-02 1.747454e-02 1.675573e-02 1.598704e-02 1.516885e-02 1.430077e-02 1.338314e-02 1.241559e-02 1.139843e-02 1.033133e-02 9.214555e-03 8.047831e-03 6.831346e-03 5.564900e-03 4.248615e-03 2.882353e-03 1.466173e-03 
1.678720e-03 3.300233e-03 4.864512e-03 6.371677e-03 7.821627e-03 9.214555e-03 1.055029e-02 1.182908e-02 1.305070e-02 1.421547e-02 1.532308e-02 1.637392e-02 1.736761e-02 1.830461e-02 1.918448e-02 2.000772e-02 2.077385e-02 2.148342e-02 2.213588e-02 2.273184e-02 2.327069e-02 2.375310e-02 2.417841e-02 2.454730e-02 2.485911e-02 2.511453e-02 2.531288e-02 2.545485e-02 2.553975e-02 2.556828e-02 2.553975e-02 2.545485e-02 2.531288e-02 2.511453e-02 2.485911e-02 2.454730e-02 2.417841e-02 2.375310e-02 2.327069e-02 2.273184e-02 2.213588e-02 2.148342e-02 2.077385e-02 2.000772e-02 1.918448e-02 1.830461e-02 1.736761e-02 1.637392e-02 1.532308e-02 1.421547e-02 1.305070e-02 1.182908e-02 1.055029e-02 9.214555e-03 7.821627e-03 6.371677e-03 4.864512e-03 3.300233e-03 1.678720e-03 
1.882208e-03 3.700230e-03 5.454160e-03 7.143924e-03 8.769701e-03 1.033133e-02 1.182908e-02 1.326271e-02 1.463255e-02 1.593828e-02 1.718032e-02 1.835828e-02 1.947263e-02 2.052292e-02 2.150969e-02 2.243240e-02 2.329167e-02 2.408690e-02 2.481875e-02 2.548657e-02 2.609108e-02 2.663157e-02 2.710879e-02 2.752200e-02 2.787198e-02 2.815796e-02 2.838073e-02 2.853950e-02 2.863509e-02 2.866668e-02 2.863509e-02 2.853950e-02 2.838073e-02 2.815796e-02 2.787198e-02 2.752200e-02 2.710879e-02 2.663157e-02 2.609108e-02 2.548657e-02 2.481875e-02 2.408690e-02 2.329167e-02 2.243240e-02 2.150969e-02 2.052292e-02 1.947263e-02 1.835828e-02 1.718032e-02 1.593828e-02 1.463255e-02 1.326271e-02 1.182908e-02 1.033133e-02 8.769701e-03 7.143924e-03 5.454160e-03 3.700230e-03 1.882208e-03 
2.076603e-03 4.082431e-03 6.017451e-03 7.881813e-03 9.675390e-03 1.139843e-02 1.305070e-02 1.463255e-02 1.614365e-02 1.758443e-02 1.895450e-02 2.025435e-02 2.148350e-02 2.264252e-02 2.373087e-02 2.474918e-02 2.569683e-02 2.657453e-02 2.738157e-02 2.811873e-02 2.878526e-02 2.938196e-02 2.990803e-02 3.036433e-02 3.075001e-02 3.106595e-02 3.131128e-02 3.148689e-02 3.159190e-02 3.162720e-02 3.159190e-02 3.148689e-02 3.131128e-02 3.106595e-02 3.075001e-02 3.036433e-02 2.990803e-02 2.938196e-02 2.878526e-02 2.811873e-02 2.738157e-02 2.657453e-02 2.569683e-02 2.474918e-02 2.373087e-02 2.264252e-02 2.148350e-02 2.025435e-02 1.895450e-02 1.758443e-02 1.614365e-02 1.463255e-02 1.305070e-02 1.139843e-02 9.675390e-03 7.881813e-03 6.017451e-03 4.082431e-03 2.076603e-03 
2.261952e-03 4.446756e-03 6.554530e-03 8.585182e-03 1.053893e-02 1.241559e-02 1.421547e-02 1.593828e-02 1.758443e-02 1.915354e-02 2.064612e-02 2.206166e-02 2.340078e-02 2.466290e-02 2.584869e-02 2.695750e-02 2.799007e-02 2.894568e-02 2.982513e-02 3.062763e-02 3.135406e-02 3.200354e-02 3.257701e-02 3.307354e-02 3.349411e-02 3.383775e-02 3.410545e-02 3.429624e-02 3.441111e-02 3.444906e-02 3.441111e-02 3.429624e-02 3.410545e-02 3.383775e-02 3.349411e-02 3.307354e-02 3.257701e-02 3.200354e-02 3.135406e-02 3.062763e-02 2.982513e-02 2.894568e-02 2.799007e-02 2.695750e-02 2.584869e-02 2.466290e-02 2.340078e-02 2.206166e-02 2.064612e-02 1.915354e-02 1.758443e-02 1.593828e-02 1.421547e-02 1.241559e-02 1.053893e-02 8.585182e-03 6.554530e-03 4.446756e-03 2.261952e-03 
2.438208e-03 4.793309e-03 7.065259e-03 9.254242e-03 1.136010e-02 1.338314e-02 1.532308e-02 1.718032e-02 1.895450e-02 2.064612e-02 2.225469e-02 2.378082e-02 2.522394e-02 2.658473e-02 2.786252e-02 2.905809e-02 3.017069e-02 3.120117e-02 3.214868e-02 3.301416e-02 3.379669e-02 3.449725e-02 3.511489e-02 3.565061e-02 3.610341e-02 3.647434e-02 3.676237e-02 3.696855e-02 3.709183e-02 3.713328e-02 3.709183e-02 3.696855e-02 3.676237e-02 3.647434e-02 3.610341e-02 3.565061e-02 3.511489e-02 3.449725e-02 3.379669e-02 3.301416e-02 3.214868e-02 3.120117e-02 3.017069e-02 2.905809e-02 2.786252e-02 2.658473e-02 2.522394e-02 2.378082e-02 2.225469e-02 2.064612e-02 1.895450e-02 1.718032e-02 1.532308e-02 1.338314e-02 1.136010e-02 9.254242e-03 7.065259e-03 4.793309e-03 2.438208e-03 
2.605432e-03 5.121990e-03 7.549812e-03 9.888791e-03 1.213919e-02 1.430077e-02 1.637392e-02 1.835828e-02 2.025435e-02 2.206166e-02 2.378082e-02 2.541125e-02 2.695365e-02 2.840735e-02 2.977314e-02 3.105025e-02 3.223956e-02 3.334021e-02 3.435316e-02 3.527746e-02 3.611414e-02 3.686220e-02 3.752271e-02 3.809460e-02 3.857900e-02 3.897479e-02 3.928313e-02 3.950286e-02 3.963517e-02 3.967888e-02 3.963517e-02 3.950286e-02 3.928313e-02 3.897479e-02 3.857900e-02 3.809460e-02 3.752271e-02 3.686220e-02 3.611414e-02 3.527746e-02 3.435316e-02 3.334021e-02 3.223956e-02 3.105025e-02 2.977314e-02 2.840735e-02 2.695365e-02 2.541125e-02 2.378082e-02 2.206166e-02 2.025435e-02 1.835828e-02 1.637392e-02 1.430077e-02 1.213919e-02 9.888791e-03 7.549812e-03 5.121990e-03 2.605432e-03 
2.763565e-03 5.432922e-03 8.008022e-03 1.048908e-02 1.287591e-02 1.516885e-02 1.736761e-02 1.947263e-02 2.148350e-02 2.340078e-02 2.522394e-02 2.695365e-02 2.858927e-02 3.013158e-02 3.157981e-02 3.293486e-02 3.419585e-02 3.536377e-02 3.643766e-02 3.741857e-02 3.830547e-02 3.909947e-02 3.979947e-02 4.040665e-02 4.091983e-02 4.134025e-02 4.166667e-02 4.190036e-02 4.204007e-02 4.208706e-02 4.204007e-02 4.190036e-02 4.166667e-02 4.134025e-02 4.091983e-02 4.040665e-02 3.979947e-02 3.909947e-02 3.830547e-02 3.741857e-02 3.643766e-02 3.536377e-02 3.419585e-02 3.293486e-02 3.157981e-02 3.013158e-02 2.858927e-02 2.695365e-02 2.522394e-02 2.340078e-02 2.148350e-02 1.947263e-02 1.736761e-02 1.516885e-02 1.287591e-02 1.048908e-02 8.008022e-03 5.432922e-03 2.763565e-03 
2.912676e-03 5.725986e-03 8.440088e-03 1.105486e-02 1.357060e-02 1.598704e-02 1.830461e-02 2.052292e-02 2.264252e-02 2.466290e-02 2.658473e-02 2.840735e-02 3.013158e-02 3.175663e-02 3.328341e-02 3.471105e-02 3.604055e-02 3.727092e-02 3.840326e-02 3.943650e-02 4.037180e-02 4.120802e-02 4.194638e-02 4.258567e-02 4.312716e-02 4.356959e-02 4.391427e-02 4.415990e-02 4.430781e-02 4.435666e-02 4.430781e-02 4.415990e-02 4.391427e-02 4.356959e-02 4.312716e-02 4.258567e-02 4.194638e-02 4.120802e-02 4.037180e-02 3.943650e-02 3.840326e-02 3.727092e-02 3.604055e-02 3.471105e-02 3.328341e-02 3.175663e-02 3.013158e-02 2.840735e-02 2.658473e-02 2.466290e-02 2.264252e-02 2.052292e-02 1.830461e-02 1.598704e-02 1.357060e-02 1.105486e-02 8.440088e-03 5.725986e-03 2.912676e-03 
3.052699e-03 6.001324e-03 8.845818e-03 1.158642e-02 1.422293e-02 1.675573e-02 1.918448e-02 2.150969e-02 2.373087e-02 2.584869e-02 2.786252e-02 2.977314e-02 3.157981e-02 3.328341e-02 3.488309e-02 3.637985e-02 3.777270e-02 3.906276e-02 4.024893e-02 4.133242e-02 4.231205e-02 4.318908e-02 4.396227e-02 4.463294e-02 4.519977e-02 4.566415e-02 4.602470e-02 4.628283e-02 4.643714e-02 4.648905e-02 4.643714e-02 4.628283e-02 4.602470e-02 4.566415e-02 4.519977e-02 4.463294e-02 4.396227e-02 4.318908e-02 4.231205e-02 4.133242e-02 4.024893e-02 3.906276e-02 3.777270e-02 3.637985e-02 3.488309e-02 3.328341e-02 3.157981e-02 2.977314e-02 2.786252e-02 2.584869e-02 2.373087e-02 2.150969e-02 1.918448e-02 1.675573e-02 1.422293e-02 1.158642e-02 8.845818e-03 6.001324e-03 3.052699e-03 
3.183710e-03 6.258797e-03 9.225435e-03 1.208349e-02 1.483329e-02 1.747454e-02 2.000772e-02 2.243240e-02 2.474918e-02 2.695750e-02 2.905809e-02 3.105025e-02 3.293486e-02 3.471105e-02 3.637985e-02 3.794026e-02 3.939341e-02 4.073821e-02 4.197587e-02 4.310519e-02 4.412748e-02 4.504145e-02 4.584848e-02 4.654721e-02 4.713906e-02 4.762263e-02 4.799937e-02 4.826783e-02 4.842950e-02 4.848289e-02 4.842950e-02 4.826783e-02 4.799937e-02 4.762263e-02 4.713906e-02 4.654721e-02 4.584848e-02 4.504145e-02 4.412748e-02 4.310519e-02 4.197587e-02 4.073821e-02 3.939341e-02 3.794026e-02 3.637985e-02 3.471105e-02 3.293486e-02 3.105025e-02 2.905809e-02 2.695750e-02 2.474918e-02 2.243240e-02 2.000772e-02 1.747454e-02 1.483329e-02 1.208349e-02 9.225435e-03 6.258797e-03 3.183710e-03 
3.305635e-03 6.498562e-03 9.578722e-03 1.254638e-02 1.540130e-02 1.814392e-02 2.077385e-02 2.329167e-02 2.569683e-02 2.799007e-02 3.017069e-02 3.223956e-02 3.419585e-02 3.604055e-02 3.777270e-02 3.939341e-02 4.090161e-02 4.229850e-02 4.358289e-02 4.475610e-02 4.581684e-02 4.676650e-02 4.760371e-02 4.832991e-02 4.894368e-02 4.944651e-02 4.983691e-02 5.011641e-02 5.028350e-02 5.033971e-02 5.028350e-02 5.011641e-02 4.983691e-02 4.944651e-02 4.894368e-02 4.832991e-02 4.760371e-02 4.676650e-02 4.581684e-02 4.475610e-02 4.358289e-02 4.229850e-02 4.090161e-02 3.939341e-02 3.777270e-02 3.604055e-02 3.419585e-02 3.223956e-02 3.017069e-02 2.799007e-02 2.569683e-02 2.329167e-02 2.077385e-02 1.814392e-02 1.540130e-02 1.254638e-02 9.578722e-03 6.498562e-03 3.305635e-03 
3.418556e-03 6.720467e-03 9.905922e-03 1.297477e-02 1.592738e-02 1.876342e-02 2.148342e-02 2.408690e-02 2.657453e-02 2.894568e-02 3.120117e-02 3.334021e-02 3.536377e-02 3.727092e-02 3.906276e-02 4.073821e-02 4.229850e-02 4.374243e-02 4.507133e-02 4.628390e-02 4.738155e-02 4.836290e-02 4.922942e-02 4.997965e-02 5.061514e-02 5.113434e-02 5.153886e-02 5.182711e-02 5.200069e-02 5.205802e-02 5.200069e-02 5.182711e-02 5.153886e-02 5.113434e-02 5.061514e-02 4.997965e-02 4.922942e-02 4.836290e-02 4.738155e-02 4.628390e-02 4.507133e-02 4.374243e-02 4.229850e-02 4.073821e-02 3.906276e-02 3.727092e-02 3.536377e-02 3.334021e-02 3.120117e-02 2.894568e-02 2.657453e-02 2.408690e-02 2.148342e-02 1.876342e-02 1.592738e-02 1.297477e-02 9.905922e-03 6.720467e-03 3.418556e-03 
3.522394e-03 6.924682e-03 1.020680e-02 1.336902e-02 1.641112e-02 1.933354e-02 2.213588e-02 2.481875e-02 2.738157e-02 2.982513e-02 3.214868e-02 3.435316e-02 3.643766e-02 3.840326e-02 4.024893e-02 4.197587e-02 4.358289e-02 4.507133e-02 4.643989e-02 4.768999e-02 4.882023e-02 4.983212e-02 5.072418e-02 5.149797e-02 5.215195e-02 5.268773e-02 5.310371e-02 5.340153e-02 5.357956e-02 5.363946e-02 5.357956e-02 5.340153e-02 5.310371e-02 5.268773e-02 5.215195e-02 5.149797e-02 5.072418e-02 4.983212e-02 4.882023e-02 4.768999e-02 4.643989e-02 4.507133e-02 4.358289e-02 4.197587e-02 4.024893e-02 3.840326e-02 3.643766e-02 3.435316e-02 3.214868e-02 2.982513e-02 2.738157e-02 2.481875e-02 2.213588e-02 1.933354e-02 1.641112e-02 1.336902e-02 1.020680e-02 6.924682e-03 3.522394e-03 
3.617236e-03 7.111039e-03 1.048161e-02 1.372879e-02 1.685297e-02 1.985380e-02 2.273184e-02 2.548657e-02 2.811873e-02 3.062763e-02 3.301416e-02 3.527746e-02 3.741857e-02 3.943650e-02 4.133242e-02 4.310519e-02 4.475610e-02 4.628390e-02 4.768999e-02 4.897298e-02 5.013438e-02 5.117272e-02 5.208957e-02 5.288336e-02 5.355576e-02 5.410511e-02 5.453313e-02 5.483811e-02 5.502178e-02 5.508243e-02 5.502178e-02 5.483811e-02 5.453313e-02 5.410511e-02 5.355576e-02 5.288336e-02 5.208957e-02 5.117272e-02 5.013438e-02 4.897298e-02 4.768999e-02 4.628390e-02 4.475610e-02 4.310519e-02 4.133242e-02 3.943650e-02 3.741857e-02 3.527746e-02 3.301416e-02 3.062763e-02 2.811873e-02 2.548657e-02 2.273184e-02 1.985380e-02 1.685297e-02 1.372879e-02 1.048161e-02 7.111039e-03 3.617236e-03 
3.702996e-03 7.279720e-03 1.073010e-02 1.405444e-02 1.725249e-02 2.032472e-02 2.327069e-02 2.609108e-02 2.878526e-02 3.135406e-02 3.379669e-02 3.611414e-02 3.830547e-02 4.037180e-02 4.231205e-02 4.412748e-02 4.581684e-02 4.738155e-02 4.882023e-02 5.013438e-02 5.132253e-02 5.238627e-02 5.332403e-02 5.413747e-02 5.482495e-02 5.538819e-02 5.582547e-02 5.613856e-02 5.632570e-02 5.638867e-02 5.632570e-02 5.613856e-02 5.582547e-02 5.538819e-02 5.482495e-02 5.413747e-02 5.332403e-02 5.238627e-02 5.132253e-02 5.013438e-02 4.882023e-02 4.738155e-02 4.581684e-02 4.412748e-02 4.231205e-02 4.037180e-02 3.830547e-02 3.611414e-02 3.379669e-02 3.135406e-02 2.878526e-02 2.609108e-02 2.327069e-02 2.032472e-02 1.725249e-02 1.405444e-02 1.073010e-02 7.279720e-03 3.702996e-03 
3.779768e-03 7.430547e-03 1.095255e-02 1.434562e-02 1.761014e-02 2.074577e-02 2.375310e-02 2.663157e-02 2.938196e-02 3.200354e-02 3.449725e-02 3.686220e-02 3.909947e-02 4.120802e-02 4.318908e-02 4.504145e-02 4.676650e-02 4.836290e-02 4.983212e-02 5.117272e-02 5.238627e-02 5.347122e-02 5.442924e-02 5.525867e-02 5.596126e-02 5.653528e-02 5.698251e-02 5.730118e-02 5.749310e-02 5.755647e-02 5.749310e-02 5.730118e-02 5.698251e-02 5.653528e-02 5.596126e-02 5.525867e-02 5.442924e-02 5.347122e-02 5.238627e-02 5.117272e-02 4.983212e-02 4.836290e-02 4.676650e-02 4.504145e-02 4.318908e-02 4.120802e-02 3.909947e-02 3.686220e-02 3.449725e-02 3.200354e-02 2.938196e-02 2.663157e-02 2.375310e-02 2.074577e-02 1.761014e-02 1.434562e-02 1.095255e-02 7.430547e-03 3.779768e-03 
3.847458e-03 7.563711e-03 1.114869e-02 1.460270e-02 1.792548e-02 2.111754e-02 2.417841e-02 2.710879e-02 2.990803e-02 3.257701e-02 3.511489e-02 3.752271e-02 3.979947e-02 4.194638e-02 4.396227e-02 4.584848e-02 4.760371e-02 4.922942e-02 5.072418e-02 5.208957e-02 5.332403e-02 5.442924e-02 5.540355e-02 5.624871e-02 5.696298e-02 5.754817e-02 5.800250e-02 5.832779e-02 5.852223e-02 5.858766e-02 5.852223e-02 5.832779e-02 5.800250e-02 5.754817e-02 5.696298e-02 5.624871e-02 5.540355e-02 5.442924e-02 5.332403e-02 5.208957e-02 5.072418e-02 4.922942e-02 4.760371e-02 4.584848e-02 4.396227e-02 4.194638e-02 3.979947e-02 3.752271e-02 3.511489e-02 3.257701e-02 2.990803e-02 2.710879e-02 2.417841e-02 2.111754e-02 1.792548e-02 1.460270e-02 1.114869e-02 7.563711e-03 3.847458e-03 
3.906165e-03 7.679022e-03 1.131879e-02 1.482531e-02 1.819898e-02 2.143944e-02 2.454730e-02 2.752200e-02 3.036433e-02 3.307354e-02 3.565061e-02 3.809460e-02 4.040665e-02 4.258567e-02 4.463294e-02 4.654721e-02 4.832991e-02 4.997965e-02 5.149797e-02 5.288336e-02 5.413747e-02 5.525867e-02 5.624871e-02 5.710585e-02 5.783192e-02 5.842511e-02 5.888729e-02 5.921660e-02 5.941494e-02 5.948042e-02 5.941494e-02 5.921660e-02 5.888729e-02 5.842511e-02 5.783192e-02 5.710585e-02 5.624871e-02 5.525867e-02 5.413747e-02 5.288336e-02 5.149797e-02 4.997965e-02 4.832991e-02 4.654721e-02 4.463294e-02 4.258567e-02 4.040665e-02 3.809460e-02 3.565061e-02 3.307354e-02 3.036433e-02 2.752200e-02 2.454730e-02 2.143944e-02 1.819898e-02 1.482531e-02 1.131879e-02 7.679022e-03 3.906165e-03 
3.955793e-03 7.776680e-03 1.146259e-02 1.501384e-02 1.843016e-02 2.171208e-02 2.485911e-02 2.787198e-02 3.075001e-02 3.349411e-02 3.610341e-02 3.857900e-02 4.091983e-02 4.312716e-02 4.519977e-02 4.713906e-02 4.894368e-02 5.061514e-02 5.215195e-02 5.355576e-02 5.482495e-02 5.596126e-02 5.696298e-02 5.783192e-02 5.856628e-02 5.916794e-02 5.963504e-02 5.996949e-02 6.016939e-02 6.023667e-02 6.016939e-02 5.996949e-02 5.963504e-02 5.916794e-02 5.856628e-02 5.783192e-02 5.696298e-02 5.596126e-02 5.482495e-02 5.355576e-02 5.215195e-02 5.061514e-02 4.894368e-02 4.713906e-02 4.519977e-02 4.312716e-02 4.091983e-02 3.857900e-02 3.610341e-02 3.349411e-02 3.075001e-02 2.787198e-02 2.485911e-02 2.171208e-02 1.843016e-02 1.501384e-02 1.146259e-02 7.776680e-03 3.955793e-03 
3.996441e-03 7.856488e-03 1.158037e-02 1.516791e-02 1.861953e-02 2.193487e-02 2.511453e-02 2.815796e-02 3.106595e-02 3.383775e-02 3.647434e-02 3.897479e-02 4.134025e-02 4.356959e-02 4.566415e-02 4.762263e-02 4.944651e-02 5.113434e-02 5.268773e-02 5.410511e-02 5.538819e-02 5.653528e-02 5.754817e-02 5.842511e-02 5.916794e-02 5.977483e-02 6.024768e-02 6.058460e-02 6.078752e-02 6.085451e-02 6.078752e-02 6.058460e-02 6.024768e-02 5.977483e-02 5.916794e-02 5.842511e-02 5.754817e-02 5.653528e-02 5.538819e-02 5.410511e-02 5.268773e-02 5.113434e-02 4.944651e-02 4.762263e-02 4.566415e-02 4.356959e-02 4.134025e-02 3.897479e-02 3.647434e-02 3.383775e-02 3.106595e-02 2.815796e-02 2.511453e-02 2.193487e-02 1.861953e-02 1.516791e-02 1.158037e-02 7.856488e-03 3.996441e-03 
4.028010e-03 7.918649e-03 1.167184e-02 1.528791e-02 1.876659e-02 2.210841e-02 2.531288e-02 2.838073e-02 3.131128e-02 3.410545e-02 3.676237e-02 3.928313e-02 4.166667e-02 4.391427e-02 4.602470e-02 4.799937e-02 4.983691e-02 5.153886e-02 5.310371e-02 5.453313e-02 5.582547e-02 5.698251e-02 5.800250e-02 5.888729e-02 5.963504e-02 6.024768e-02 6.072330e-02 6.106385e-02 6.126740e-02 6.133590e-02 6.126740e-02 6.106385e-02 6.072330e-02 6.024768e-02 5.963504e-02 5.888729e-02 5.800250e-02 5.698251e-02 5.582547e-02 5.453313e-02 5.310371e-02 5.153886e-02 4.983691e-02 4.799937e-02 4.602470e-02 4.391427e-02 4.166667e-02 3.928313e-02 3.676237e-02 3.410545e-02 3.131128e-02 2.838073e-02 2.531288e-02 2.210841e-02 1.876659e-02 1.528791e-02 1.167184e-02 7.918649e-03 4.028010e-03 
4.050603e-03 7.962960e-03 1.173730e-02 1.537346e-02 1.887185e-02 2.223210e-02 2.545485e-02 2.853950e-02 3.148689e-02 3.429624e-02 3.696855e-02 3.950286e-02 4.190036e-02 4.415990e-02 4.628283e-02 4.826783e-02 5.011641e-02 5.182711e-02 5.340153e-02 5.483811e-02 5.613856e-02 5.730118e-02 5.832779e-02 5.921660e-02 5.996949e-02 6.058460e-02 6.106385e-02 6.140533e-02 6.161100e-02 6.167890e-02 6.161100e-02 6.140533e-02 6.106385e-02 6.058460e-02 5.996949e-02 5.921660e-02 5.832779e-02 5.730118e-02 5.613856e-02 5.483811e-02 5.340153e-02 5.182711e-02 5.011641e-02 4.826783e-02 4.628283e-02 4.415990e-02 4.190036e-02 3.950286e-02 3.696855e-02 3.429624e-02 3.148689e-02 2.853950e-02 2.545485e-02 2.223210e-02 1.887185e-02 1.537346e-02 1.173730e-02 7.962960e-03 4.050603e-03 
4.064117e-03 7.989629e-03 1.177646e-02 1.542494e-02 1.893480e-02 2.230656e-02 2.553975e-02 2.863509e-02 3.159190e-02 3.441111e-02 3.709183e-02 3.963517e-02 4.204007e-02 4.430781e-02 4.643714e-02 4.842950e-02 5.028350e-02 5.200069e-02 5.357956e-02 5.502178e-02 5.632570e-02 5.749310e-02 5.852223e-02 5.941494e-02 6.016939e-02 6.078752e-02 6.126740e-02 6.161100e-02 6.181637e-02 6.188548e-02 6.181637e-02 6.161100e-02 6.126740e-02 6.078752e-02 6.016939e-02 5.941494e-02 5.852223e-02 5.749310e-02 5.632570e-02 5.502178e-02 5.357956e-02 5.200069e-02 5.028350e-02 4.842950e-02 4.643714e-02 4.430781e-02 4.204007e-02 3.963517e-02 3.709183e-02 3.441111e-02 3.159190e-02 2.863509e-02 2.553975e-02 2.230656e-02 1.893480e-02 1.542494e-02 1.177646e-02 7.989629e-03 4.064117e-03 
4.068656e-03 7.998450e-03 1.178961e-02 1.544197e-02 1.895595e-02 2.233118e-02 2.556828e-02 2.866668e-02 3.162720e-02 3.444906e-02 3.713328e-02 3.967888e-02 4.208706e-02 4.435666e-02 4.648905e-02 4.848289e-02 5.033971e-02 5.205802e-02 5.363946e-02 5.508243e-02 5.638867e-02 5.755647e-02 5.858766e-02 5.948042e-02 6.023667e-02 6.085451e-02 6.133590e-02 6.167890e-02 6.188548e-02 6.195368e-02 6.188548e-02 6.167890e-02 6.133590e-02 6.085451e-02 6.023667e-02 5.948042e-02 5.858766e-02 5.755647e-02 5.638867e-02 5.508243e-02 5.363946e-02 5.205802e-02 5.033971e-02 4.848289e-02 4.648905e-02 4.435666e-02 4.208706e-02 3.967888e-02 3.713328e-02 3.444906e-02 3.162720e-02 2.866668e-02 2.556828e-02 2.233118e-02 1.895595e-02 1.544197e-02 1.178961e-02 7.998450e-03 4.068656e-03 
4.064117e-03 7.989629e-03 1.177646e-02 1.542494e-02 1.893480e-02 2.230656e-02 2.553975e-02 2.863509e-02 3.159190e-02 3.441111e-02 3.709183e-02 3.963517e-02 4.204007e-02 4.430781e-02 4.643714e-02 4.842950e-02 5.028350e-02 5.200069e-02 5.357956e-02 5.502178e-02 5.632570e-02 5.749310e-02 5.852223e-02 5.941494e-02 6.016939e-02 6.078752e-02 6.126740e-02 6.161100e-02 6.181637e-02 6.188548e-02 6.181637e-02 6.161100e-02 6.126740e-02 6.078752e-02 6.016939e-02 5.941494e-02 5.852223e-02 5.749310e-02 5.632570e-02 5.502178e-02 5.357956e-02 5.200069e-02 5.028350e-02 4.842950e-02 4.643714e-02 4.430781e-02 4.204007e-02 3.963517e-02 3.709183e-02 3.441111e-02 3.159190e-02 2.863509e-02 2.553975e-02 2.230656e-02 1.893480e-02 1.542494e-02 1.177646e-02 7.989629e-03 4.064117e-03 
4.050603e-03 7.962960e-03 1.173730e-02 1.537346e-02 1.887185e-02 2.223210e-02 2.545485e-02 2.853950e-02 3.148689e-02 3.429624e-02 3.696855e-02 3.950286e-02 4.190036e-02 4.415990e-02 4.628283e-02 4.826783e-02 5.011641e-02 5.182711e-02 5.340153e-02 5.483811e-02 5.613856e-02 5.730118e-02 5.832779e-02 5.921660e-02 5.996949e-02 6.058460e-02 6.106385e-02 6.140533e-02 6.161100e-02 6.167890e-02 6.161100e-02 6.140533e-02 6.106385e-02 6.058460e-02 5.996949e-02 5.921660e-02 5.832779e-02 5.730118e-02 5.613856e-02 5.483811e-02 5.340153e-02 5.182711e-02 5.011641e-02 4.826783e-02 4.628283e-02 4.415990e-02 4.190036e-02 3.950286e-02 3.696855e-02 3.429624e-02 3.148689e-02 2.853950e-02 2.545485e-02 2.223210e-02 1.887185e-02 1.537346e-02 1.173730e-02 7.962960e-03 4.050603e-03 
4.028010e-03 7.918649e-03 1.167184e-02 1.528791e-02 1.876659e-02 2.210841e-02 2.531288e-02 2.838073e-02 3.131128e-02 3.410545e-02 3.676237e-02 3.928313e-02 4.166667e-02 4.391427e-02 4.602470e-02 4.799937e-02 4.983691e-02 5.153886e-02 5.310371e-02 5.453313e-02 5.582547e-02 5.698251e-02 5.800250e-02 5.888729e-02 5.963504e-02 6.024768e-02 6.072330e-02 6.106385e-02 6.126740e-02 6.133590e-02 6.126740e-02 6.106385e-02 6.072330e-02 6.024768e-02 5.963504e-02 5.888729e-02 5.800250e-02 5.698251e-02 5.582547e-02 5.453313e-02 5.310371e-02 5.153886e-02 4.983691e-02 4.799937e-02 4.602470e-02 4.391427e-02 4.166667e-02 3.928313e-02 3.676237e-02 3.410545e-02 3.131128e-02 2.838073e-02 2.531288e-02 2.210841e-02 1.876659e-02 1.528791e-02 1.167184e-02 7.918649e-03 4.028010e-03 
3.996441e-03 7.856488e-03 1.158037e-02 1.516791e-02 1.861953e-02 2.193487e-02 2.511453e-02 2.815796e-02 3.106595e-02 3.383775e-02 3.647434e-02 3.897479e-02 4.134025e-02 4.356959e-02 4.566415e-02 4.762263e-02 4.944651e-02 5.113434e-02 5.268773e-02 5.410511e-02 5.538819e-02 5.653528e-02 5.754817e-02 5.842511e-02 5.916794e-02 5.977483e-02 6.024768e-02 6.058460e-02 6.078752e-02 6.085451e-02 6.078752e-02 6.058460e-02 6.024768e-02 5.977483e-02 5.916794e-02 5.842511e-02 5.754817e-02 5.653528e-02 5.538819e-02 5.410511e-02 5.268773e-02 5.113434e-02 4.944651e-02 4.762263e-02 4.566415e-02 4.356959e-02 4.134025e-02 3.897479e-02 3.647434e-02 3.383775e-02 3.106595e-02 2.815796e-02 2.511453e-02 2.193487e-02 1.861953e-02 1.516791e-02 1.158037e-02 7.856488e-03 3.996441e-03 
3.955793e-03 7.776680e-03 1.146259e-02 1.501384e-02 1.843016e-02 2.171208e-02 2.485911e-02 2.787198e-02 3.075001e-02 3.349411e-02 3.610341e-02 3.857900e-02 4.091983e-02 4.312716e-02 4.519977e-02 4.713906e-02 4.894368e-02 5.061514e-02 5.215195e-02 5.355576e-02 5.482495e-02 5.596126e-02 5.696298e-02 5.783192e-02 5.856628e-02 5.916794e-02 5.963504e-02 5.996949e-02 6.016939e-02 6.023667e-02 6.016939e-02 5.996949e-02 5.963504e-02 5.916794e-02 5.856628e-02 5.783192e-02 5.696298e-02 5.596126e-02 5.482495e-02 5.355576e-02 5.215195e-02 5.061514e-02 4.894368e-02 4.713906e-02 4.519977e-02 4.312716e-02 4.091983e-02 3.857900e-02 3.610341e-02 3.349411e-02 3.075001e-02 2.787198e-02 2.485911e-02 2.171208e-02 1.843016e-02 1.501384e-02 1.146259e-02 7.776680e-03 3.955793e-03 
3.906165e-03 7.679022e-03 1.131879e-02 1.482531e-02 1.819898e-02 2.143944e-02 2.454730e-02 2.752200e-02 3.036433e-02 3.307354e-02 3.565061e-02 3.809460e-02 4.040665e-02 4.258567e-02 4.463294e-02 4.654721e-02 4.832991e-02 4.997965e-02 5.149797e-02 5.288336e-02 5.413747e-02 5.525867e-02 5.624871e-02 5.710585e-02 5.783192e-02 5.842511e-02 5.888729e-02 5.921660e-02 5.941494e-02 5.948042e-02 5.941494e-02 5.921660e-02 5.888729e-02 5.842511e-02 5.783192e-02 5.710585e-02 5.624871e-02 5.525867e-02 5.413747e-02 5.288336e-02 5.149797e-02 4.997965e-02 4.832991e-02 4.654721e-02 4.463294e-02 4.258567e-02 4.040665e-02 3.809460e-02 3.565061e-02 3.307354e-02 3.036433e-02 2.752200e-02 2.454730e-02 2.143944e-02 1.819898e-02 1.482531e-02 1.131879e-02 7.679022e-03 3.906165e-03 
3.847458e-03 7.563711e-03 1.114869e-02 1.460270e-02 1.792548e-02 2.111754e-02 2.417841e-02 2.710879e-02 2.990803e-02 3.257701e-02 3.511489e-02 3.752271e-02 3.979947e-02 4.194638e-02 4.396227e-02 4.584848e-02 4.760371e-02 4.922942e-02 5.072418e-02 5.208957e-02 5.332403e-02 5.442924e-02 5.540355e-02 5.624871e-02 5.696298e-02 5.754817e-02 5.800250e-02 5.832779e-02 5.852223e-02 5.858766e-02 5.852223e-02 5.832779e-02 5.800250e-02 5.754817e-02 5.696298e-02 5.624871e-02 5.540355e-02 5.442924e-02 5.332403e-02 5.208957e-02 5.072418e-02 4.922942e-02 4.760371e-02 4.584848e-02 4.396227e-02 4.194638e-02 3.979947e-02 3.752271e-02 3.511489e-02 3.257701e-02 2.990803e-02 2.710879e-02 2.417841e-02 2.111754e-02 1.792548e-02 1.460270e-02 1.114869e-02 7.563711e-03 3.847458e-03 
3.779768e-03 7.430547e-03 1.095255e-02 1.434562e-02 1.761014e-02 2.074577e-02 2.375310e-02 2.663157e-02 2.938196e-02 3.200354e-02 3.449725e-02 3.686220e-02 3.909947e-02 4.120802e-02 4.318908e-02 4.504145e-02 4.676650e-02 4.836290e-02 4.983212e-02 5.117272e-02 5.238627e-02 5.347122e-02 5.442924e-02 5.525867e-02 5.596126e-02 5.653528e-02 5.698251e-02 5.730118e-02 5.749310e-02 5.755647e-02 5.749310e-02 5.730118e-02 5.698251e-02 5.653528e-02 5.596126e-02 5.525867e-02 5.442924e-02 5.347122e-02 5.238627e-02 5.117272e-02 4.983212e-02 4.836290e-02 4.676650e-02 4.504145e-02 4.318908e-02 4.120802e-02 3.909947e-02 3.686220e-02 3.449725e-02 3.200354e-02 2.938196e-02 2.663157e-02 2.375310e-02 2.074577e-02 1.761014e-02 1.434562e-02 1.095255e-02 7.430547e-03 3.779768e-03 
3.702996e-03 7.279720e-03 1.073010e-02 1.405444e-02 1.725249e-02 2.032472e-02 2.327069e-02 2.609108e-02 2.878526e-02 3.135406e-02 3.379669e-02 3.611414e-02 3.830547e-02 4.037180e-02 4.231205e-02 4.412748e-02 4.581684e-02 4.738155e-02 4.882023e-02 5.013438e-02 5.132253e-02 5.238627e-02 5.332403e-02 5.413747e-02 5.482495e-02 5.538819e-02 5.582547e-02 5.613856e-02 5.632570e-02 5.638867e-02 5.632570e-02 5.613856e-02 5.582547e-02 5.538819e-02 5.482495e-02 5.413747e-02 5.332403e-02 5.238627e-02 5.132253e-02 5.013438e-02 4.882023e-02 4.738155e-02 4.581684e-02 4.412748e-02 4.231205e-02 4.037180e-02 3.830547e-02 3.611414e-02 3.379669e-02 3.135406e-02 2.878526e-02 2.609108e-02 2.327069e-02 2.032472e-02 1.725249e-02 1.405444e-02 1.073010e-02 7.279720e-03 3.702996e-03 
3.617236e-03 7.111039e-03 1.048161e-02 1.372879e-02 1.685297e-02 1.985380e-02 2.273184e-02 2.548657e-02 2.811873e-02 3.062763e-02 3.301416e-02 3.527746e-02 3.741857e-02 3.943650e-02 4.133242e-02 4.310519e-02 4.475610e-02 4.628390e-02 4.768999e-02 4.897298e-02 5.013438e-02 5.117272e-02 5.208957e-02 5.288336e-02 5.355576e-02 5.410511e-02 5.453313e-02 5.483811e-02 5.502178e-02 5.508243e-02 5.502178e-02 5.483811e-02 5.453313e-02 5.410511e-02 5.355576e-02 5.288336e-02 5.208957e-02 5.117272e-02 5.013438e-02 4.897298e-02 4.768999e-02 4.628390e-02 4.475610e-02 4.310519e-02 4.133242e-02 3.943650e-02 3.741857e-02 3.527746e-02 3.301416e-02 3.062763e-02 2.811873e-02 2.548657e-02 2.273184e-02 1.985380e-02 1.685297e-02 1.372879e-02 1.048161e-02 7.111039e-03 3.617236e-03 
3.522394e-03 6.924682e-03 1.020680e-02 1.336902e-02 1.641112e-02 1.933354e-02 2.213588e-02 2.481875e-02 2.738157e-02 2.982513e-02 3.214868e-02 3.435316e-02 3.643766e-02 3.840326e-02 4.024893e-02 4.197587e-02 4.358289e-02 4.507133e-02 4.643989e-02 4.768999e-02 4.882023e-02 4.983212e-02 5.072418e-02 5.149797e-02 5.215195e-02 5.268773e-02 5.310371e-02 5.340153e-02 5.357956e-02 5.363946e-02 5.357956e-02 5.340153e-02 5.310371e-02 5.268773e-02 5.215195e-02 5.149797e-02 5.072418e-02 4.983212e-02 4.882023e-02 4.768999e-02 4.643989e-02 4.507133e-02 4.358289e-02 4.197587e-02 4.024893e-02 3.840326e-02 3.643766e-02 3.435316e-02 3.214868e-02 2.982513e-02 2.738157e-02 2.481875e-02 2.213588e-02 1.933354e-02 1.641112e-02 1.336902e-02 1.020680e-02 6.924682e-03 3.522394e-03 
3.418556e-03 6.720467e-03 9.905922e-03 1.297477e-02 1.592738e-02 1.876342e-02 2.148342e-02 2.408690e-02 2.657453e-02 2.894568e-02 3.120117e-02 3.334021e-02 3.536377e-02 3.727092e-02 3.906276e-02 4.073821e-02 4.229850e-02 4.374243e-02 4.507133e-02 4.628390e-02 4.738155e-02 4.836290e-02 4.922942e-02 4.997965e-02 5.061514e-02 5.113434e-02 5.153886e-02 5.182711e-02 5.200069e-02 5.205802e-02 5.200069e-02 5.182711e-02 5.153886e-02 5.113434e-02 5.061514e-02 4.997965e-02 4.922942e-02 4.836290e-02 4.738155e-02 4.628390e-02 4.507133e-02 4.374243e-02 4.229850e-02 4.073821e-02 3.906276e-02 3.727092e-02 3.536377e-02 3.334021e-02 3.120117e-02 2.894568e-02 2.657453e-02 2.408690e-02 2.148342e-02 1.876342e-02 1.592738e-02 1.297477e-02 9.905922e-03 6.720467e-03 3.418556e-03 
3.305635e-03 6.498562e-03 9.578722e-03 1.254638e-02 1.540130e-02 1.814392e-02 2.077385e-02 2.329167e-02 2.569683e-02 2.799007e-02 3.017069e-02 3.223956e-02 3.419585e-02 3.604055e-02 3.777270e-02 3.939341e-02 4.090161e-02 4.229850e-02 4.358289e-02 4.475610e-02 4.581684e-02 4.676650e-02 4.760371e-02 4.832991e-02 4.894368e-02 4.944651e-02 4.983691e-02 5.011641e-02 5.028350e-02 5.033971e-02 5.028350e-02 5.011641e-02 4.983691e-02 4.944651e-02 4.894368e-02 4.832991e-02 4.760371e-02 4.676650e-02 4.581684e-02 4.475610e-02 4.358289e-02 4.229850e-02 4.090161e-02 3.939341e-02 3.777270e-02 3.604055e-02 3.419585e-02 3.223956e-02 3.017069e-02 2.799007e-02 2.569683e-02 2.329167e-02 2.077385e-02 1.814392e-02 1.540130e-02 1.254638e-02 9.578722e-03 6.498562e-03 3.305635e-03 
3.183710e-03 6.258797e-03 9.225435e-03 1.208349e-02 1.483329e-02 1.747454e-02 2.000772e-02 2.243240e-02 2.474918e-02 2.695750e-02 2.905809e-02 3.105025e-02 3.293486e-02 3.471105e-02 3.637985e-02 3.794026e-02 3.939341e-02 4.073821e-02 4.197587e-02 4.310519e-02 4.412748e-02 4.504145e-02 4.584848e-02 4.654721e-02 4.713906e-02 4.762263e-02 4.799937e-02 4.826783e-02 4.842950e-02 4.848289e-02 4.842950e-02 4.826783e-02 4.799937e-02 4.762263e-02 4.713906e-02 4.654721e-02 4.584848e-02 4.504145e-02 4.412748e-02 4.310519e-02 4.197587e-02 4.073821e-02 3.939341e-02 3.794026e-02 3.637985e-02 3.471105e-02 3.293486e-02 3.105025e-02 2.905809e-02 2.695750e-02 2.474918e-02 2.243240e-02 2.000772e-02 1.747454e-02 1.483329e-02 1.208349e-02 9.225435e-03 6.258797e-03 3.183710e-03 
3.052699e-03 6.001324e-03 8.845818e-03 1.158642e-02 1.422293e-02 1.675573e-02 1.918448e-02 2.150969e-02 2.373087e-02 2.584869e-02 2.786252e-02 2.977314e-02 3.157981e-02 3.328341e-02 3.488309e-02 3.637985e-02 3.777270e-02 3.906276e-02 4.024893e-02 4.133242e-02 4.231205e-02 4.318908e-02 4.396227e-02 4.463294e-02 4.519977e-02 4.566415e-02 4.602470e-02 4.628283e-02 4.643714e-02 4.648905e-02 4.643714e-02 4.628283e-02 4.602470e-02 4.566415e-02 4.519977e-02 4.463294e-02 4.396227e-02 4.318908e-02 4.231205e-02 4.133242e-02 4.024893e-02 3.906276e-02 3.777270e-02 3.637985e-02 3.488309e-02 3.328341e-02 3.157981e-02 2.977314e-02 2.786252e-02 2.584869e-02 2.373087e-02 2.150969e-02 1.918448e-02 1.675573e-02 1.422293e-02 1.158642e-02 8.845818e-03 6.001324e-03 3.052699e-03 
2.912676e-03 5.725986e-03 8.440088e-03 1.105486e-02 1.357060e-02 1.598704e-02 1.830461e-02 2.052292e-02 2.264252e-02 2.466290e-02 2.658473e-02 2.840735e-02 3.013158e-02 3.175663e-02 3.328341e-02 3.471105e-02 3.604055e-02 3.727092e-02 3.840326e-02 3.943650e-02 4.037180e-02 4.120802e-02 4.194638e-02 4.258567e-02 4.312716e-02 4.356959e-02 4.391427e-02 4.415990e-02 4.430781e-02 4.435666e-02 4.430781e-02 4.415990e-02 4.391427e-02 4.356959e-02 4.312716e-02 4.258567e-02 4.194638e-02 4.120802e-02 4.037180e-02 3.943650e-02 3.840326e-02 3.727092e-02 3.604055e-02 3.471105e-02 3.328341e-02 3.175663e-02 3.013158e-02 2.840735e-02 2.658473e-02 2.466290e-02 2.264252e-02 2.052292e-02 1.830461e-02 1.598704e-02 1.357060e-02 1.105486e-02 8.440088e-03 5.725986e-03 2.912676e-03 
2.763565e-03 5.432922e-03 8.008022e-03 1.048908e-02 1.287591e-02 1.516885e-02 1.736761e-02 1.947263e-02 2.148350e-02 2.340078e-02 2.522394e-02 2.695365e-02 2.858927e-02 3.013158e-02 3.157981e-02 3.293486e-02 3.419585e-02 3.536377e-02 3.643766e-02 3.741857e-02 3.830547e-02 3.909947e-02 3.979947e-02 4.040665e-02 4.091983e-02 4.134025e-02 4.166667e-02 4.190036e-02 4.204007e-02 4.208706e-02 4.204007e-02 4.190036e-02 4.166667e-02 4.134025e-02 4.091983e-02 4.040665e-02 3.979947e-02 3.909947e-02 3.830547e-02 3.741857e-02 3.643766e-02 3.536377e-02 3.419585e-02 3.293486e-02 3.157981e-02 3.013158e-02 2.858927e-02 2.695365e-02 2.522394e-02 2.340078e-02 2.148350e-02 1.947263e-02 1.736761e-02 1.516885e-02 1.287591e-02 1.048908e-02 8.008022e-03 5.432922e-03 2.763565e-03 
2.605432e-03 5.121990e-03 7.549812e-03 9.888791e-03 1.213919e-02 1.430077e-02 1.637392e-02 1.835828e-02 2.025435e-02 2.206166e-02 2.378082e-02 2.541125e-02 2.695365e-02 2.840735e-02 2.977314e-02 3.105025e-02 3.223956e-02 3.334021e-02 3.435316e-02 3.527746e-02 3.611414e-02 3.686220e-02 3.752271e-02 3.809460e-02 3.857900e-02 3.897479e-02 3.928313e-02 3.950286e-02 3.963517e-02 3.967888e-02 3.963517e-02 3.950286e-02 3.928313e-02 3.897479e-02 3.857900e-02 3.809460e-02 3.752271e-02 3.686220e-02 3.611414e-02 3.527746e-02 3.435316e-02 3.334021e-02 3.223956e-02 3.105025e-02 2.977314e-02 2.840735e-02 2.695365e-02 2.541125e-02 2.378082e-02 2.206166e-02 2.025435e-02 1.835828e-02 1.637392e-02 1.430077e-02 1.213919e-02 9.888791e-03 7.549812e-03 5.121990e-03 2.605432e-03 
2.438208e-03 4.793309e-03 7.065259e-03 9.254242e-03 1.136010e-02 1.338314e-02 1.532308e-02 1.718032e-02 1.895450e-02 2.064612e-02 2.225469e-02 2.378082e-02 2.522394e-02 2.658473e-02 2.786252e-02 2.905809e-02 3.017069e-02 3.120117e-02 3.214868e-02 3.301416e-02 3.379669e-02 3.449725e-02 3.511489e-02 3.565061e-02 3.610341e-02 3.647434e-02 3.676237e-02 3.696855e-02 3.709183e-02 3.713328e-02 3.709183e-02 3.696855e-02 3.676237e-02 3.647434e-02 3.610341e-02 3.565061e-02 3.511489e-02 3.449725e-02 3.379669e-02 3.301416e-02 3.214868e-02 3.120117e-02 3.017069e-02 2.905809e-02 2.786252e-02 2.658473e-02 2.522394e-02 2.378082e-02 2.225469e-02 2.064612e-02 1.895450e-02 1.718032e-02 1.532308e-02 1.338314e-02 1.136010e-02 9.254242e-03 7.065259e-03 4.793309e-03 2.438208e-03 
2.261952e-03 4.446756e-03 6.554530e-03 8.585182e-03 1.053893e-02 1.241559e-02 1.421547e-02 1.593828e-02 1.758443e-02 1.915354e-02 2.064612e-02 2.206166e-02 2.340078e-02 2.466290e-02 2.584869e-02 2.695750e-02 2.799007e-02 2.894568e-02 2.982513e-02 3.062763e-02 3.135406e-02 3.200354e-02 3.257701e-02 3.307354e-02 3.349411e-02 3.383775e-02 3.410545e-02 3.429624e-02 3.441111e-02 3.444906e-02 3.441111e-02 3.429624e-02 3.410545e-02 3.383775e-02 3.349411e-02 3.307354e-02 3.257701e-02 3.200354e-02 3.135406e-02 3.062763e-02 2.982513e-02 2.894568e-02 2.799007e-02 2.695750e-02 2.584869e-02 2.466290e-02 2.340078e-02 2.206166e-02 2.064612e-02 1.915354e-02 1.758443e-02 1.593828e-02 1.421547e-02 1.241559e-02 1.053893e-02 8.585182e-03 6.554530e-03 4.446756e-03 2.261952e-03 
2.076603e-03 4.082431e-03 6.017451e-03 7.881813e-03 9.675390e-03 1.139843e-02 1.305070e-02 1.463255e-02 1.614365e-02 1.758443e-02 1.895450e-02 2.025435e-02 2.148350e-02 2.264252e-02 2.373087e-02 2.474918e-02 2.569683e-02 2.657453e-02 2.738157e-02 2.811873e-02 2.878526e-02 2.938196e-02 2.990803e-02 3.036433e-02 3.075001e-02 3.106595e-02 3.131128e-02 3.148689e-02 3.159190e-02 3.162720e-02 3.159190e-02 3.148689e-02 3.131128e-02 3.106595e-02 3.075001e-02 3.036433e-02 2.990803e-02 2.938196e-02 2.878526e-02 2.811873e-02 2.738157e-02 2.657453e-02 2.569683e-02 2.474918e-02 2.373087e-02 2.264252e-02 2.148350e-02 2.025435e-02 1.895450e-02 1.758443e-02 1.614365e-02 1.463255e-02 1.305070e-02 1.139843e-02 9.675390e-03 7.881813e-03 6.017451e-03 4.082431e-03 2.076603e-03 
1.882208e-03 3.700230e-03 5.454160e-03 7.143924e-03 8.769701e-03 1.033133e-02 1.182908e-02 1.326271e-02 1.463255e-02 1.593828e-02 1.718032e-02 1.835828e-02 1.947263e-02 2.052292e-02 2.150969e-02 2.243240e-02 2.329167e-02 2.408690e-02 2.481875e-02 2.548657e-02 2.609108e-02 2.663157e-02 2.710879e-02 2.752200e-02 2.787198e-02 2.815796e-02 2.838073e-02 2.853950e-02 2.863509e-02 2.866668e-02 2.863509e-02 2.853950e-02 2.838073e-02 2.815796e-02 2.787198e-02 2.752200e-02 2.710879e-02 2.663157e-02 2.609108e-02 2.548657e-02 2.481875e-02 2.408690e-02 2.329167e-02 2.243240e-02 2.150969e-02 2.052292e-02 1.947263e-02 1.835828e-02 1.718032e-02 1.593828e-02 1.463255e-02 1.326271e-02 1.182908e-02 1.033133e-02 8.769701e-03 7.143924e-03 5.454160e-03 3.700230e-03 1.882208e-03 
