2.675998e-04 5.261001e-04 7.754954e-04 1.015802e-03 1.247004e-03 1.469128e-03 1.682147e-03 1.886098e-03 2.080944e-03 2.266733e-03 2.443417e-03 2.611052e-03 2.769583e-03 2.919075e-03 3.059461e-03 3.190816e-03 3.313066e-03 3.426293e-03 3.530414e-03 3.625518e-03 3.711517e-03 3.788504e-03 3.856386e-03 3.915260e-03 3.965030e-03 4.005795e-03 4.037455e-03 4.060113e-03 4.073667e-03 4.078219e-03 4.073667e-03 4.060113e-03 4.037455e-03 4.005795e-03 3.965030e-03 3.915260e-03 3.856386e-03 3.788504e-03 3.711517e-03 3.625518e-03 3.530414e-03 3.426293e-03 3.313066e-03 3.190816e-03 3.059461e-03 2.919075e-03 2.769583e-03 2.611052e-03 2.443417e-03 2.266733e-03 2.080944e-03 1.886098e-03 1.682147e-03 1.469128e-03 1.247004e-03 1.015802e-03 7.754954e-04 5.261001e-04 2.675998e-04 
5.261001e-04 1.034299e-03 1.524618e-03 1.997036e-03 2.451596e-03 2.888255e-03 3.307077e-03 3.707998e-03 4.091103e-03 4.456306e-03 4.803711e-03 5.133216e-03 5.444942e-03 5.738766e-03 6.014829e-03 6.272990e-03 6.513405e-03 6.735919e-03 6.940700e-03 7.127579e-03 7.296738e-03 7.447996e-03 7.581542e-03 7.697187e-03 7.795129e-03 7.875170e-03 7.937513e-03 7.981955e-03 8.008703e-03 8.017549e-03 8.008703e-03 7.981955e-03 7.937513e-03 7.875170e-03 7.795129e-03 7.697187e-03 7.581542e-03 7.447996e-03 7.296738e-03 7.127579e-03 6.940700e-03 6.735919e-03 6.513405e-03 6.272990e-03 6.014829e-03 5.738766e-03 5.444942e-03 5.133216e-03 4.803711e-03 4.456306e-03 4.091103e-03 3.707998e-03 3.307077e-03 2.888255e-03 2.451596e-03 1.997036e-03 1.524618e-03 1.034299e-03 5.261001e-04 
7.754954e-04 1.524618e-03 2.247352e-03 2.943746e-03 3.613751e-03 4.257447e-03 4.874755e-03 5.465786e-03 6.030427e-03 6.568822e-03 7.080827e-03 7.566613e-03 8.026010e-03 8.459215e-03 8.866030e-03 9.246677e-03 9.600936e-03 9.929047e-03 1.023077e-02 1.050636e-02 1.075557e-02 1.097867e-02 1.117537e-02 1.134598e-02 1.149020e-02 1.160833e-02 1.170007e-02 1.176573e-02 1.180500e-02 1.181820e-02 1.180500e-02 1.176573e-02 1.170007e-02 1.160833e-02 1.149020e-02 1.134598e-02 1.117537e-02 1.097867e-02 1.075557e-02 1.050636e-02 1.023077e-02 9.929047e-03 9.600936e-03 9.246677e-03 8.866030e-03 8.459215e-03 8.026010e-03 7.566613e-03 7.080827e-03 6.568822e-03 6.030427e-03 5.465786e-03 4.874755e-03 4.257447e-03 3.613751e-03 2.943746e-03 2.247352e-03 1.524618e-03 7.754954e-04 
1.015802e-03 1.997036e-03 2.943746e-03 3.855888e-03 4.733548e-03 5.576640e-03 6.385292e-03 7.159376e-03 7.899060e-03 8.604177e-03 9.274933e-03 9.911121e-03 1.051298e-02 1.108028e-02 1.161329e-02 1.211172e-02 1.257590e-02 1.300551e-02 1.340088e-02 1.376169e-02 1.408829e-02 1.438032e-02 1.463816e-02 1.486144e-02 1.505054e-02 1.520507e-02 1.532544e-02 1.541124e-02 1.546288e-02 1.547996e-02 1.546288e-02 1.541124e-02 1.532544e-02 1.520507e-02 1.505054e-02 1.486144e-02 1.463816e-02 1.438032e-02 1.408829e-02 1.376169e-02 1.340088e-02 1.300551e-02 1.257590e-02 1.211172e-02 1.161329e-02 1.108028e-02 1.051298e-02 9.911121e-03 9.274933e-03 8.604177e-03 7.899060e-03 7.159376e-03 6.385292e-03 5.576640e-03 4.733548e-03 3.855888e-03 2.943746e-03 1.997036e-03 1.015802e-03 
1.247004e-03 2.451596e-03 3.613751e-03 4.733548e-03 5.810906e-03 6.845960e-03 7.838575e-03 8.788937e-03 9.696860e-03 1.056258e-02 1.138586e-02 1.216698e-02 1.290567e-02 1.360224e-02 1.425637e-02 1.486843e-02 1.543805e-02 1.596564e-02 1.645078e-02 1.689392e-02 1.729462e-02 1.765335e-02 1.796963e-02 1.824396e-02 1.847584e-02 1.866579e-02 1.881330e-02 1.891888e-02 1.898203e-02 1.900325e-02 1.898203e-02 1.891888e-02 1.881330e-02 1.866579e-02 1.847584e-02 1.824396e-02 1.796963e-02 1.765335e-02 1.729462e-02 1.689392e-02 1.645078e-02 1.596564e-02 1.543805e-02 1.486843e-02 1.425637e-02 1.360224e-02 1.290567e-02 1.216698e-02 1.138586e-02 1.056258e-02 9.696860e-03 8.788937e-03 7.838575e-03 6.845960e-03 5.810906e-03 4.733548e-03 3.613751e-03 2.451596e-03 1.247004e-03 
1.469128e-03 2.888255e-03 4.257447e-03 5.576640e-03 6.845960e-03 8.065280e-03 9.234790e-03 1.035430e-02 1.142406e-02 1.244382e-02 1.341389e-02 1.433396e-02 1.520439e-02 1.602482e-02 1.679566e-02 1.751650e-02 1.818780e-02 1.880910e-02 1.938090e-02 1.990270e-02 2.037503e-02 2.079736e-02 2.117025e-02 2.149314e-02 2.176662e-02 2.199010e-02 2.216418e-02 2.228826e-02 2.236295e-02 2.238764e-02 2.236295e-02 2.228826e-02 2.216418e-02 2.199010e-02 2.176662e-02 2.149314e-02 2.117025e-02 2.079736e-02 2.037503e-02 1.990270e-02 1.938090e-02 1.880910e-02 1.818780e-02 1.751650e-02 1.679566e-02 1.602482e-02 1.520439e-02 1.433396e-02 1.341389e-02 1.244382e-02 1.142406e-02 1.035430e-02 9.234790e-03 8.065280e-03 6.845960e-03 5.576640e-03 4.257447e-03 2.888255e-03 1.469128e-03 
1.682147e-03 3.307077e-03 4.874755e-03 6.385292e-03 7.838575e-03 9.234790e-03 1.057375e-02 1.185572e-02 1.308043e-02 1.424821e-02 1.535874e-02 1.641240e-02 1.740882e-02 1.834842e-02 1.923078e-02 2.005639e-02 2.082474e-02 2.153640e-02 2.219080e-02 2.278854e-02 2.332904e-02 2.381292e-02 2.423954e-02 2.460958e-02 2.492236e-02 2.517858e-02 2.537755e-02 2.551997e-02 2.560514e-02 2.563377e-02 2.560514e-02 2.551997e-02 2.537755e-02 2.517858e-02 2.492236e-02 2.460958e-02 2.423954e-02 2.381292e-02 2.332904e-02 2.278854e-02 2.219080e-02 2.153640e-02 2.082474e-02 2.005639e-02 1.923078e-02 1.834842e-02 1.740882e-02 1.641240e-02 1.535874e-02 1.424821e-02 1.308043e-02 1.185572e-02 1.057375e-02 9.234790e-03 7.838575e-03 6.385292e-03 4.874755e-03 3.307077e-03 1.682147e-03 
1.886098e-03 3.707998e-03 5.465786e-03 7.159376e-03 8.788937e-03 1.035430e-02 1.185572e-02 1.329293e-02 1.466629e-02 1.597544e-02 1.722080e-02 1.840196e-02 1.951940e-02 2.057265e-02 2.156224e-02 2.248763e-02 2.334942e-02 2.414702e-02 2.488108e-02 2.555094e-02 2.615730e-02 2.669947e-02 2.717817e-02 2.759268e-02 2.794377e-02 2.823065e-02 2.845413e-02 2.861342e-02 2.870931e-02 2.874100e-02 2.870931e-02 2.861342e-02 2.845413e-02 2.823065e-02 2.794377e-02 2.759268e-02 2.717817e-02 2.669947e-02 2.615730e-02 2.555094e-02 2.488108e-02 2.414702e-02 2.334942e-02 2.248763e-02 2.156224e-02 2.057265e-02 1.951940e-02 1.840196e-02 1.722080e-02 1.597544e-02 1.466629e-02 1.329293e-02 1.185572e-02 1.035430e-02 8.788937e-03 7.159376e-03 5.465786e-03 3.707998e-03 1.886098e-03 
2.080944e-03 4.091103e-03 6.030427e-03 7.899060e-03 9.696860e-03 1.142406e-02 1.308043e-02 1.466629e-02 1.618131e-02 1.762591e-02 1.899968e-02 2.030311e-02 2.153570e-02 2.269803e-02 2.378953e-02 2.481083e-02 2.576130e-02 2.664164e-02 2.745114e-02 2.819057e-02 2.885917e-02 2.945774e-02 2.998548e-02 3.044322e-02 3.083014e-02 3.114709e-02 3.139321e-02 3.156939e-02 3.167474e-02 3.171016e-02 3.167474e-02 3.156939e-02 3.139321e-02 3.114709e-02 3.083014e-02 3.044322e-02 2.998548e-02 2.945774e-02 2.885917e-02 2.819057e-02 2.745114e-02 2.664164e-02 2.576130e-02 2.481083e-02 2.378953e-02 2.269803e-02 2.153570e-02 2.030311e-02 1.899968e-02 1.762591e-02 1.618131e-02 1.466629e-02 1.308043e-02 1.142406e-02 9.696860e-03 7.899060e-03 6.030427e-03 4.091103e-03 2.080944e-03 
2.266733e-03 4.456306e-03 6.568822e-03 8.604177e-03 1.056258e-02 1.244382e-02 1.424821e-02 1.597544e-02 1.762591e-02 1.919922e-02 2.069587e-02 2.211536e-02 2.345828e-02 2.472403e-02 2.591329e-02 2.702539e-02 2.806107e-02 2.901959e-02 2.990175e-02 3.070676e-02 3.143546e-02 3.208701e-02 3.266230e-02 3.316043e-02 3.358235e-02 3.392711e-02 3.419569e-02 3.438710e-02 3.450234e-02 3.454042e-02 3.450234e-02 3.438710e-02 3.419569e-02 3.392711e-02 3.358235e-02 3.316043e-02 3.266230e-02 3.208701e-02 3.143546e-02 3.070676e-02 2.990175e-02 2.901959e-02 2.806107e-02 2.702539e-02 2.591329e-02 2.472403e-02 2.345828e-02 2.211536e-02 2.069587e-02 1.919922e-02 1.762591e-02 1.597544e-02 1.424821e-02 1.244382e-02 1.056258e-02 8.604177e-03 6.568822e-03 4.456306e-03 2.266733e-03 
2.443417e-03 4.803711e-03 7.080827e-03 9.274933e-03 1.138586e-02 1.341389e-02 1.535874e-02 1.722080e-02 1.899968e-02 2.069587e-02 2.230889e-02 2.383932e-02 2.528656e-02 2.665132e-02 2.793289e-02 2.913205e-02 3.024803e-02 3.128168e-02 3.223214e-02 3.310034e-02 3.388536e-02 3.458817e-02 3.520779e-02 3.574525e-02 3.619954e-02 3.657169e-02 3.686066e-02 3.706752e-02 3.719121e-02 3.723280e-02 3.719121e-02 3.706752e-02 3.686066e-02 3.657169e-02 3.619954e-02 3.574525e-02 3.520779e-02 3.458817e-02 3.388536e-02 3.310034e-02 3.223214e-02 3.128168e-02 3.024803e-02 2.913205e-02 2.793289e-02 2.665132e-02 2.528656e-02 2.383932e-02 2.230889e-02 2.069587e-02 1.899968e-02 1.722080e-02 1.535874e-02 1.341389e-02 1.138586e-02 9.274933e-03 7.080827e-03 4.803711e-03 2.443417e-03 
2.611052e-03 5.133216e-03 7.566613e-03 9.911121e-03 1.216698e-02 1.433396e-02 1.641240e-02 1.840196e-02 2.030311e-02 2.211536e-02 2.383932e-02 2.547438e-02 2.702124e-02 2.847922e-02 2.984909e-02 3.113007e-02 3.232303e-02 3.342710e-02 3.444323e-02 3.537047e-02 3.620984e-02 3.696032e-02 3.762297e-02 3.819674e-02 3.868274e-02 3.907984e-02 3.938920e-02 3.960968e-02 3.974242e-02 3.978628e-02 3.974242e-02 3.960968e-02 3.938920e-02 3.907984e-02 3.868274e-02 3.819674e-02 3.762297e-02 3.696032e-02 3.620984e-02 3.537047e-02 3.444323e-02 3.342710e-02 3.232303e-02 3.113007e-02 2.984909e-02 2.847922e-02 2.702124e-02 2.547438e-02 2.383932e-02 2.211536e-02 2.030311e-02 1.840196e-02 1.641240e-02 1.433396e-02 1.216698e-02 9.911121e-03 7.566613e-03 5.133216e-03 2.611052e-03 
2.769583e-03 5.444942e-03 8.026010e-03 1.051298e-02 1.290567e-02 1.520439e-02 1.740882e-02 1.951940e-02 2.153570e-02 2.345828e-02 2.528656e-02 2.702124e-02 2.866163e-02 3.020852e-02 3.166112e-02 3.302031e-02 3.428521e-02 3.545680e-02 3.653410e-02 3.751816e-02 3.840793e-02 3.920452e-02 3.990683e-02 4.051601e-02 4.103091e-02 4.145272e-02 4.178025e-02 4.201472e-02 4.215491e-02 4.220205e-02 4.215491e-02 4.201472e-02 4.178025e-02 4.145272e-02 4.103091e-02 4.051601e-02 3.990683e-02 3.920452e-02 3.840793e-02 3.751816e-02 3.653410e-02 3.545680e-02 3.428521e-02 3.302031e-02 3.166112e-02 3.020852e-02 2.866163e-02 2.702124e-02 2.528656e-02 2.345828e-02 2.153570e-02 1.951940e-02 1.740882e-02 1.520439e-02 1.290567e-02 1.051298e-02 8.026010e-03 5.444942e-03 2.769583e-03 
2.919075e-03 5.738766e-03 8.459215e-03 1.108028e-02 1.360224e-02 1.602482e-02 1.834842e-02 2.057265e-02 2.269803e-02 2.472403e-02 2.665132e-02 2.847922e-02 3.020852e-02 3.183844e-02 3.336987e-02 3.480191e-02 3.613557e-02 3.736984e-02 3.850580e-02 3.954239e-02 4.048074e-02 4.131972e-02 4.206052e-02 4.270195e-02 4.324526e-02 4.368918e-02 4.403503e-02 4.428150e-02 4.442990e-02 4.447893e-02 4.442990e-02 4.428150e-02 4.403503e-02 4.368918e-02 4.324526e-02 4.270195e-02 4.206052e-02 4.131972e-02 4.048074e-02 3.954239e-02 3.850580e-02 3.736984e-02 3.613557e-02 3.480191e-02 3.336987e-02 3.183844e-02 3.020852e-02 2.847922e-02 2.665132e-02 2.472403e-02 2.269803e-02 2.057265e-02 1.834842e-02 1.602482e-02 1.360224e-02 1.108028e-02 8.459215e-03 5.738766e-03 2.919075e-03 
3.059461e-03 6.014829e-03 8.866030e-03 1.161329e-02 1.425637e-02 1.679566e-02 1.923078e-02 2.156224e-02 2.378953e-02 2.591329e-02 2.793289e-02 2.984909e-02 3.166112e-02 3.336987e-02 3.497445e-02 3.647586e-02 3.787311e-02 3.916729e-02 4.035729e-02 4.144432e-02 4.242717e-02 4.330711e-02 4.408289e-02 4.475582e-02 4.532458e-02 4.579053e-02 4.615231e-02 4.641132e-02 4.656617e-02 4.661825e-02 4.656617e-02 4.641132e-02 4.615231e-02 4.579053e-02 4.532458e-02 4.475582e-02 4.408289e-02 4.330711e-02 4.242717e-02 4.144432e-02 4.035729e-02 3.916729e-02 3.787311e-02 3.647586e-02 3.497445e-02 3.336987e-02 3.166112e-02 2.984909e-02 2.793289e-02 2.591329e-02 2.378953e-02 2.156224e-02 1.923078e-02 1.679566e-02 1.425637e-02 1.161329e-02 8.866030e-03 6.014829e-03 3.059461e-03 
3.190816e-03 6.272990e-03 9.246677e-03 1.211172e-02 1.486843e-02 1.751650e-02 2.005639e-02 2.248763e-02 2.481083e-02 2.702539e-02 2.913205e-02 3.113007e-02 3.302031e-02 3.480191e-02 3.647586e-02 3.804117e-02 3.949894e-02 4.084807e-02 4.208975e-02 4.322279e-02 4.424846e-02 4.516550e-02 4.597525e-02 4.667635e-02 4.727022e-02 4.775545e-02 4.813349e-02 4.840288e-02 4.856510e-02 4.861868e-02 4.856510e-02 4.840288e-02 4.813349e-02 4.775545e-02 4.727022e-02 4.667635e-02 4.597525e-02 4.516550e-02 4.424846e-02 4.322279e-02 4.208975e-02 4.084807e-02 3.949894e-02 3.804117e-02 3.647586e-02 3.480191e-02 3.302031e-02 3.113007e-02 2.913205e-02 2.702539e-02 2.481083e-02 2.248763e-02 2.005639e-02 1.751650e-02 1.486843e-02 1.211172e-02 9.246677e-03 6.272990e-03 3.190816e-03 
3.313066e-03 6.513405e-03 9.600936e-03 1.257590e-02 1.543805e-02 1.818780e-02 2.082474e-02 2.334942e-02 2.576130e-02 2.806107e-02 3.024803e-02 3.232303e-02 3.428521e-02 3.613557e-02 3.787311e-02 3.949894e-02 4.101196e-02 4.241338e-02 4.370198e-02 4.487908e-02 4.594337e-02 4.689623e-02 4.773628e-02 4.846496e-02 4.908084e-02 4.958541e-02 4.997716e-02 5.025764e-02 5.042530e-02 5.048171e-02 5.042530e-02 5.025764e-02 4.997716e-02 4.958541e-02 4.908084e-02 4.846496e-02 4.773628e-02 4.689623e-02 4.594337e-02 4.487908e-02 4.370198e-02 4.241338e-02 4.101196e-02 3.949894e-02 3.787311e-02 3.613557e-02 3.428521e-02 3.232303e-02 3.024803e-02 2.806107e-02 2.576130e-02 2.334942e-02 2.082474e-02 1.818780e-02 1.543805e-02 1.257590e-02 9.600936e-03 6.513405e-03 3.313066e-03 
3.426293e-03 6.735919e-03 9.929047e-03 1.300551e-02 1.596564e-02 1.880910e-02 2.153640e-02 2.414702e-02 2.664164e-02 2.901959e-02 3.128168e-02 3.342710e-02 3.545680e-02 3.736984e-02 3.916729e-02 4.084807e-02 4.241338e-02 4.386202e-02 4.519530e-02 4.641192e-02 4.751326e-02 4.849794e-02 4.936742e-02 5.012024e-02 5.075792e-02 5.127894e-02 5.168486e-02 5.197412e-02 5.214832e-02 5.220584e-02 5.214832e-02 5.197412e-02 5.168486e-02 5.127894e-02 5.075792e-02 5.012024e-02 4.936742e-02 4.849794e-02 4.751326e-02 4.641192e-02 4.519530e-02 4.386202e-02 4.241338e-02 4.084807e-02 3.916729e-02 3.736984e-02 3.545680e-02 3.342710e-02 3.128168e-02 2.901959e-02 2.664164e-02 2.414702e-02 2.153640e-02 1.880910e-02 1.596564e-02 1.300551e-02 9.929047e-03 6.735919e-03 3.426293e-03 
3.530414e-03 6.940700e-03 1.023077e-02 1.340088e-02 1.645078e-02 1.938090e-02 2.219080e-02 2.488108e-02 2.745114e-02 2.990175e-02 3.223214e-02 3.444323e-02 3.653410e-02 3.850580e-02 4.035729e-02 4.208975e-02 4.370198e-02 4.519530e-02 4.656841e-02 4.782270e-02 4.895677e-02 4.997212e-02 5.086724e-02 5.164372e-02 5.229997e-02 5.283763e-02 5.325507e-02 5.355394e-02 5.373259e-02 5.379270e-02 5.373259e-02 5.355394e-02 5.325507e-02 5.283763e-02 5.229997e-02 5.164372e-02 5.086724e-02 4.997212e-02 4.895677e-02 4.782270e-02 4.656841e-02 4.519530e-02 4.370198e-02 4.208975e-02 4.035729e-02 3.850580e-02 3.653410e-02 3.444323e-02 3.223214e-02 2.990175e-02 2.745114e-02 2.488108e-02 2.219080e-02 1.938090e-02 1.645078e-02 1.340088e-02 1.023077e-02 6.940700e-03 3.530414e-03 
3.625518e-03 7.127579e-03 1.050636e-02 1.376169e-02 1.689392e-02 1.990270e-02 2.278854e-02 2.555094e-02 2.819057e-02 3.070676e-02 3.310034e-02 3.537047e-02 3.751816e-02 3.954239e-02 4.144432e-02 4.322279e-02 4.487908e-02 4.641192e-02 4.782270e-02 4.911002e-02 5.027538e-02 5.131728e-02 5.223730e-02 5.303386e-02 5.370861e-02 5.425990e-02 5.468942e-02 5.499548e-02 5.517981e-02 5.524067e-02 5.517981e-02 5.499548e-02 5.468942e-02 5.425990e-02 5.370861e-02 5.303386e-02 5.223730e-02 5.131728e-02 5.027538e-02 4.911002e-02 4.782270e-02 4.641192e-02 4.487908e-02 4.322279e-02 4.144432e-02 3.954239e-02 3.751816e-02 3.537047e-02 3.310034e-02 3.070676e-02 2.819057e-02 2.555094e-02 2.278854e-02 1.990270e-02 1.689392e-02 1.376169e-02 1.050636e-02 7.127579e-03 3.625518e-03 
3.711517e-03 7.296738e-03 1.075557e-02 1.408829e-02 1.729462e-02 2.037503e-02 2.332904e-02 2.615730e-02 2.885917e-02 3.143546e-02 3.388536e-02 3.620984e-02 3.840793e-02 4.048074e-02 4.242717e-02 4.424846e-02 4.594337e-02 4.751326e-02 4.895677e-02 5.027538e-02 5.146759e-02 5.253500e-02 5.347602e-02 5.429231e-02 5.498221e-02 5.554744e-02 5.598627e-02 5.630047e-02 5.648828e-02 5.655148e-02 5.648828e-02 5.630047e-02 5.598627e-02 5.554744e-02 5.498221e-02 5.429231e-02 5.347602e-02 5.253500e-02 5.146759e-02 5.027538e-02 4.895677e-02 4.751326e-02 4.594337e-02 4.424846e-02 4.242717e-02 4.048074e-02 3.840793e-02 3.620984e-02 3.388536e-02 3.143546e-02 2.885917e-02 2.615730e-02 2.332904e-02 2.037503e-02 1.729462e-02 1.408829e-02 1.075557e-02 7.296738e-03 3.711517e-03 
3.788504e-03 7.447996e-03 1.097867e-02 1.438032e-02 1.765335e-02 2.079736e-02 2.381292e-02 2.669947e-02 2.945774e-02 3.208701e-02 3.458817e-02 3.696032e-02 3.920452e-02 4.131972e-02 4.330711e-02 4.516550e-02 4.689623e-02 4.849794e-02 4.997212e-02 5.131728e-02 5.253500e-02 5.362372e-02 5.458508e-02 5.541743e-02 5.612250e-02 5.669855e-02 5.714738e-02 5.746719e-02 5.765980e-02 5.772339e-02 5.765980e-02 5.746719e-02 5.714738e-02 5.669855e-02 5.612250e-02 5.541743e-02 5.458508e-02 5.362372e-02 5.253500e-02 5.131728e-02 4.997212e-02 4.849794e-02 4.689623e-02 4.516550e-02 4.330711e-02 4.131972e-02 3.920452e-02 3.696032e-02 3.458817e-02 3.208701e-02 2.945774e-02 2.669947e-02 2.381292e-02 2.079736e-02 1.765335e-02 1.438032e-02 1.097867e-02 7.447996e-03 3.788504e-03 
3.856386e-03 7.581542e-03 1.117537e-02 1.463816e-02 1.796963e-02 2.117025e-02 2.423954e-02 2.717817e-02 2.998548e-02 3.266230e-02 3.520779e-02 3.762297e-02 3.990683e-02 4.206052e-02 4.408289e-02 4.597525e-02 4.773628e-02 4.936742e-02 5.086724e-02 5.223730e-02 5.347602e-02 5.458508e-02 5.556281e-02 5.641094e-02 5.712775e-02 5.771503e-02 5.817098e-02 5.849744e-02 5.869258e-02 5.875824e-02 5.869258e-02 5.849744e-02 5.817098e-02 5.771503e-02 5.712775e-02 5.641094e-02 5.556281e-02 5.458508e-02 5.347602e-02 5.223730e-02 5.086724e-02 4.936742e-02 4.773628e-02 4.597525e-02 4.408289e-02 4.206052e-02 3.990683e-02 3.762297e-02 3.520779e-02 3.266230e-02 2.998548e-02 2.717817e-02 2.423954e-02 2.117025e-02 1.796963e-02 1.463816e-02 1.117537e-02 7.581542e-03 3.856386e-03 
3.915260e-03 7.697187e-03 1.134598e-02 1.486144e-02 1.824396e-02 2.149314e-02 2.460958e-02 2.759268e-02 3.044322e-02 3.316043e-02 3.574525e-02 3.819674e-02 4.051601e-02 4.270195e-02 4.475582e-02 4.667635e-02 4.846496e-02 5.012024e-02 5.164372e-02 5.303386e-02 5.429231e-02 5.541743e-02 5.641094e-02 5.727112e-02 5.799977e-02 5.859509e-02 5.905892e-02 5.938943e-02 5.958848e-02 5.965420e-02 5.958848e-02 5.938943e-02 5.905892e-02 5.859509e-02 5.799977e-02 5.727112e-02 5.641094e-02 5.541743e-02 5.429231e-02 5.303386e-02 5.164372e-02 5.012024e-02 4.846496e-02 4.667635e-02 4.475582e-02 4.270195e-02 4.051601e-02 3.819674e-02 3.574525e-02 3.316043e-02 3.044322e-02 2.759268e-02 2.460958e-02 2.149314e-02 1.824396e-02 1.486144e-02 1.134598e-02 7.697187e-03 3.915260e-03 
3.965030e-03 7.795129e-03 1.149020e-02 1.505054e-02 1.847584e-02 2.176662e-02 2.492236e-02 2.794377e-02 3.083014e-02 3.358235e-02 3.619954e-02 3.868274e-02 4.103091e-02 4.324526e-02 4.532458e-02 4.727022e-02 4.908084e-02 5.075792e-02 5.229997e-02 5.370861e-02 5.498221e-02 5.612250e-02 5.712775e-02 5.799977e-02 5.873676e-02 5.934058e-02 5.980937e-02 6.014502e-02 6.034565e-02 6.041316e-02 6.034565e-02 6.014502e-02 5.980937e-02 5.934058e-02 5.873676e-02 5.799977e-02 5.712775e-02 5.612250e-02 5.498221e-02 5.370861e-02 5.229997e-02 5.075792e-02 4.908084e-02 4.727022e-02 4.532458e-02 4.324526e-02 4.103091e-02 3.868274e-02 3.619954e-02 3.358235e-02 3.083014e-02 2.794377e-02 2.492236e-02 2.176662e-02 1.847584e-02 1.505054e-02 1.149020e-02 7.795129e-03 3.965030e-03 
4.005795e-03 7.875170e-03 1.160833e-02 1.520507e-02 1.866579e-02 2.199010e-02 2.517858e-02 2.823065e-02 3.114709e-02 3.392711e-02 3.657169e-02 3.907984e-02 4.145272e-02 4.368918e-02 4.579053e-02 4.775545e-02 4.958541e-02 5.127894e-02 5.283763e-02 5.425990e-02 5.554744e-02 5.669855e-02 5.771503e-02 5.859509e-02 5.934058e-02 5.994965e-02 6.042421e-02 6.076235e-02 6.096600e-02 6.103324e-02 6.096600e-02 6.076235e-02 6.042421e-02 5.994965e-02 5.934058e-02 5.859509e-02 5.771503e-02 5.669855e-02 5.554744e-02 5.425990e-02 5.283763e-02 5.127894e-02 4.958541e-02 4.775545e-02 4.579053e-02 4.368918e-02 4.145272e-02 3.907984e-02 3.657169e-02 3.392711e-02 3.114709e-02 2.823065e-02 2.517858e-02 2.199010e-02 1.866579e-02 1.520507e-02 1.160833e-02 7.875170e-03 4.005795e-03 
4.037455e-03 7.937513e-03 1.170007e-02 1.532544e-02 1.881330e-02 2.216418e-02 2.537755e-02 2.845413e-02 3.139321e-02 3.419569e-02 3.686066e-02 3.938920e-02 4.178025e-02 4.403503e-02 4.615231e-02 4.813349e-02 4.997716e-02 5.168486e-02 5.325507e-02 5.468942e-02 5.598627e-02 5.714738e-02 5.817098e-02 5.905892e-02 5.980937e-02 6.042421e-02 6.090155e-02 6.124334e-02 6.144762e-02 6.151637e-02 6.144762e-02 6.124334e-02 6.090155e-02 6.042421e-02 5.980937e-02 5.905892e-02 5.817098e-02 5.714738e-02 5.598627e-02 5.468942e-02 5.325507e-02 5.168486e-02 4.997716e-02 4.813349e-02 4.615231e-02 4.403503e-02 4.178025e-02 3.938920e-02 3.686066e-02 3.419569e-02 3.139321e-02 2.845413e-02 2.537755e-02 2.216418e-02 1.881330e-02 1.532544e-02 1.170007e-02 7.937513e-03 4.037455e-03 
4.060113e-03 7.981955e-03 1.176573e-02 1.541124e-02 1.891888e-02 2.228826e-02 2.551997e-02 2.861342e-02 3.156939e-02 3.438710e-02 3.706752e-02 3.960968e-02 4.201472e-02 4.428150e-02 4.641132e-02 4.840288e-02 5.025764e-02 5.197412e-02 5.355394e-02 5.499548e-02 5.630047e-02 5.746719e-02 5.849744e-02 5.938943e-02 6.014502e-02 6.076235e-02 6.124334e-02 6.158605e-02 6.179247e-02 6.186062e-02 6.179247e-02 6.158605e-02 6.124334e-02 6.076235e-02 6.014502e-02 5.938943e-02 5.849744e-02 5.746719e-02 5.630047e-02 5.499548e-02 5.355394e-02 5.197412e-02 5.025764e-02 4.840288e-02 4.641132e-02 4.428150e-02 4.201472e-02 3.960968e-02 3.706752e-02 3.438710e-02 3.156939e-02 2.861342e-02 2.551997e-02 2.228826e-02 1.891888e-02 1.541124e-02 1.176573e-02 7.981955e-03 4.060113e-03 
4.073667e-03 8.008703e-03 1.180500e-02 1.546288e-02 1.898203e-02 2.236295e-02 2.560514e-02 2.870931e-02 3.167474e-02 3.450234e-02 3.719121e-02 3.974242e-02 4.215491e-02 4.442990e-02 4.656617e-02 4.856510e-02 5.042530e-02 5.214832e-02 5.373259e-02 5.517981e-02 5.648828e-02 5.765980e-02 5.869258e-02 5.958848e-02 6.034565e-02 6.096600e-02 6.144762e-02 6.179247e-02 6.199859e-02 6.206795e-02 6.199859e-02 6.179247e-02 6.144762e-02 6.096600e-02 6.034565e-02 5.958848e-02 5.869258e-02 5.765980e-02 5.648828e-02 5.517981e-02 5.373259e-02 5.214832e-02 5.042530e-02 4.856510e-02 4.656617e-02 4.442990e-02 4.215491e-02 3.974242e-02 3.719121e-02 3.450234e-02 3.167474e-02 2.870931e-02 2.560514e-02 2.236295e-02 1.898203e-02 1.546288e-02 1.180500e-02 8.008703e-03 4.073667e-03 
4.078219e-03 8.017549e-03 1.181820e-02 1.547996e-02 1.900325e-02 2.238764e-02 2.563377e-02 2.874100e-02 3.171016e-02 3.454042e-02 3.723280e-02 3.978628e-02 4.220205e-02 4.447893e-02 4.661825e-02 4.861868e-02 5.048171e-02 5.220584e-02 5.379270e-02 5.524067e-02 5.655148e-02 5.772339e-02 5.875824e-02 5.965420e-02 6.041316e-02 6.103324e-02 6.151637e-02 6.186062e-02 6.206795e-02 6.213640e-02 6.206795e-02 6.186062e-02 6.151637e-02 6.103324e-02 6.041316e-02 5.965420e-02 5.875824e-02 5.772339e-02 5.655148e-02 5.524067e-02 5.379270e-02 5.220584e-02 5.048171e-02 4.861868e-02 4.661825e-02 4.447893e-02 4.220205e-02 3.978628e-02 3.723280e-02 3.454042e-02 3.171016e-02 2.874100e-02 2.563377e-02 2.238764e-02 1.900325e-02 1.547996e-02 1.181820e-02 8.017549e-03 4.078219e-03 
4.073667e-03 8.008703e-03 1.180500e-02 1.546288e-02 1.898203e-02 2.236295e-02 2.560514e-02 2.870931e-02 3.167474e-02 3.450234e-02 3.719121e-02 3.974242e-02 4.215491e-02 4.442990e-02 4.656617e-02 4.856510e-02 5.042530e-02 5.214832e-02 5.373259e-02 5.517981e-02 5.648828e-02 5.765980e-02 5.869258e-02 5.958848e-02 6.034565e-02 6.096600e-02 6.144762e-02 6.179247e-02 6.199859e-02 6.206795e-02 6.199859e-02 6.179247e-02 6.144762e-02 6.096600e-02 6.034565e-02 5.958848e-02 5.869258e-02 5.765980e-02 5.648828e-02 5.517981e-02 5.373259e-02 5.214832e-02 5.042530e-02 4.856510e-02 4.656617e-02 4.442990e-02 4.215491e-02 3.974242e-02 3.719121e-02 3.450234e-02 3.167474e-02 2.870931e-02 2.560514e-02 2.236295e-02 1.898203e-02 1.546288e-02 1.180500e-02 8.008703e-03 4.073667e-03 
4.060113e-03 7.981955e-03 1.176573e-02 1.541124e-02 1.891888e-02 2.228826e-02 2.551997e-02 2.861342e-02 3.156939e-02 3.438710e-02 3.706752e-02 3.960968e-02 4.201472e-02 4.428150e-02 4.641132e-02 4.840288e-02 5.025764e-02 5.197412e-02 5.355394e-02 5.499548e-02 5.630047e-02 5.746719e-02 5.849744e-02 5.938943e-02 6.014502e-02 6.076235e-02 6.124334e-02 6.158605e-02 6.179247e-02 6.186062e-02 6.179247e-02 6.158605e-02 6.124334e-02 6.076235e-02 6.014502e-02 5.938943e-02 5.849744e-02 5.746719e-02 5.630047e-02 5.499548e-02 5.355394e-02 5.197412e-02 5.025764e-02 4.840288e-02 4.641132e-02 4.428150e-02 4.201472e-02 3.960968e-02 3.706752e-02 3.438710e-02 3.156939e-02 2.861342e-02 2.551997e-02 2.228826e-02 1.891888e-02 1.541124e-02 1.176573e-02 7.981955e-03 4.060113e-03 
4.037455e-03 7.937513e-03 1.170007e-02 1.532544e-02 1.881330e-02 2.216418e-02 2.537755e-02 2.845413e-02 3.139321e-02 3.419569e-02 3.686066e-02 3.938920e-02 4.178025e-02 4.403503e-02 4.615231e-02 4.813349e-02 4.997716e-02 5.168486e-02 5.325507e-02 5.468942e-02 5.598627e-02 5.714738e-02 5.817098e-02 5.905892e-02 5.980937e-02 6.042421e-02 6.090155e-02 6.124334e-02 6.144762e-02 6.151637e-02 6.144762e-02 6.124334e-02 6.090155e-02 6.042421e-02 5.980937e-02 5.905892e-02 5.817098e-02 5.714738e-02 5.598627e-02 5.468942e-02 5.325507e-02 5.168486e-02 4.997716e-02 4.813349e-02 4.615231e-02 4.403503e-02 4.178025e-02 3.938920e-02 3.686066e-02 3.419569e-02 3.139321e-02 2.845413e-02 2.537755e-02 2.216418e-02 1.881330e-02 1.532544e-02 1.170007e-02 7.937513e-03 4.037455e-03 
4.005795e-03 7.875170e-03 1.160833e-02 1.520507e-02 1.866579e-02 2.199010e-02 2.517858e-02 2.823065e-02 3.114709e-02 3.392711e-02 3.657169e-02 3.907984e-02 4.145272e-02 4.368918e-02 4.579053e-02 4.775545e-02 4.958541e-02 5.127894e-02 5.283763e-02 5.425990e-02 5.554744e-02 5.669855e-02 5.771503e-02 5.859509e-02 5.934058e-02 5.994965e-02 6.042421e-02 6.076235e-02 6.096600e-02 6.103324e-02 6.096600e-02 6.076235e-02 6.042421e-02 5.994965e-02 5.934058e-02 5.859509e-02 5.771503e-02 5.669855e-02 5.554744e-02 5.425990e-02 5.283763e-02 5.127894e-02 4.958541e-02 4.775545e-02 4.579053e-02 4.368918e-02 4.145272e-02 3.907984e-02 3.657169e-02 3.392711e-02 3.114709e-02 2.823065e-02 2.517858e-02 2.199010e-02 1.866579e-02 1.520507e-02 1.160833e-02 7.875170e-03 4.005795e-03 
3.965030e-03 7.795129e-03 1.149020e-02 1.505054e-02 1.847584e-02 2.176662e-02 2.492236e-02 2.794377e-02 3.083014e-02 3.358235e-02 3.619954e-02 3.868274e-02 4.103091e-02 4.324526e-02 4.532458e-02 4.727022e-02 4.908084e-02 5.075792e-02 5.229997e-02 5.370861e-02 5.498221e-02 5.612250e-02 5.712775e-02 5.799977e-02 5.873676e-02 5.934058e-02 5.980937e-02 6.014502e-02 6.034565e-02 6.041316e-02 6.034565e-02 6.014502e-02 5.980937e-02 5.934058e-02 5.873676e-02 5.799977e-02 5.712775e-02 5.612250e-02 5.498221e-02 5.370861e-02 5.229997e-02 5.075792e-02 4.908084e-02 4.727022e-02 4.532458e-02 4.324526e-02 4.103091e-02 3.868274e-02 3.619954e-02 3.358235e-02 3.083014e-02 2.794377e-02 2.492236e-02 2.176662e-02 1.847584e-02 1.505054e-02 1.149020e-02 7.795129e-03 3.965030e-03 
3.915260e-03 7.697187e-03 1.134598e-02 1.486144e-02 1.824396e-02 2.149314e-02 2.460958e-02 2.759268e-02 3.044322e-02 3.316043e-02 3.574525e-02 3.819674e-02 4.051601e-02 4.270195e-02 4.475582e-02 4.667635e-02 4.846496e-02 5.012024e-02 5.164372e-02 5.303386e-02 5.429231e-02 5.541743e-02 5.641094e-02 5.727112e-02 5.799977e-02 5.859509e-02 5.905892e-02 5.938943e-02 5.958848e-02 5.965420e-02 5.958848e-02 5.938943e-02 5.905892e-02 5.859509e-02 5.799977e-02 5.727112e-02 5.641094e-02 5.541743e-02 5.429231e-02 5.303386e-02 5.164372e-02 5.012024e-02 4.846496e-02 4.667635e-02 4.475582e-02 4.270195e-02 4.051601e-02 3.819674e-02 3.574525e-02 3.316043e-02 3.044322e-02 2.759268e-02 2.460958e-02 2.149314e-02 1.824396e-02 1.486144e-02 1.134598e-02 7.697187e-03 3.915260e-03 
3.856386e-03 7.581542e-03 1.117537e-02 1.463816e-02 1.796963e-02 2.117025e-02 2.423954e-02 2.717817e-02 2.998548e-02 3.266230e-02 3.520779e-02 3.762297e-02 3.990683e-02 4.206052e-02 4.408289e-02 4.597525e-02 4.773628e-02 4.936742e-02 5.086724e-02 5.223730e-02 5.347602e-02 5.458508e-02 5.556281e-02 5.641094e-02 5.712775e-02 5.771503e-02 5.817098e-02 5.849744e-02 5.869258e-02 5.875824e-02 5.869258e-02 5.849744e-02 5.817098e-02 5.771503e-02 5.712775e-02 5.641094e-02 5.556281e-02 5.458508e-02 5.347602e-02 5.223730e-02 5.086724e-02 4.936742e-02 4.773628e-02 4.597525e-02 4.408289e-02 4.206052e-02 3.990683e-02 3.762297e-02 3.520779e-02 3.266230e-02 2.998548e-02 2.717817e-02 2.423954e-02 2.117025e-02 1.796963e-02 1.463816e-02 1.117537e-02 7.581542e-03 3.856386e-03 
3.788504e-03 7.447996e-03 1.097867e-02 1.438032e-02 1.765335e-02 2.079736e-02 2.381292e-02 2.669947e-02 2.945774e-02 3.208701e-02 3.458817e-02 3.696032e-02 3.920452e-02 4.131972e-02 4.330711e-02 4.516550e-02 4.689623e-02 4.849794e-02 4.997212e-02 5.131728e-02 5.253500e-02 5.362372e-02 5.458508e-02 5.541743e-02 5.612250e-02 5.669855e-02 5.714738e-02 5.746719e-02 5.765980e-02 5.772339e-02 5.765980e-02 5.746719e-02 5.714738e-02 5.669855e-02 5.612250e-02 5.541743e-02 5.458508e-02 5.362372e-02 5.253500e-02 5.131728e-02 4.997212e-02 4.849794e-02 4.689623e-02 4.516550e-02 4.330711e-02 4.131972e-02 3.920452e-02 3.696032e-02 3.458817e-02 3.208701e-02 2.945774e-02 2.669947e-02 2.381292e-02 2.079736e-02 1.765335e-02 1.438032e-02 1.097867e-02 7.447996e-03 3.788504e-03 
3.711517e-03 7.296738e-03 1.075557e-02 1.408829e-02 1.729462e-02 2.037503e-02 2.332904e-02 2.615730e-02 2.885917e-02 3.143546e-02 3.388536e-02 3.620984e-02 3.840793e-02 4.048074e-02 4.242717e-02 4.424846e-02 4.594337e-02 4.751326e-02 4.895677e-02 5.027538e-02 5.146759e-02 5.253500e-02 5.347602e-02 5.429231e-02 5.498221e-02 5.554744e-02 5.598627e-02 5.630047e-02 5.648828e-02 5.655148e-02 5.648828e-02 5.630047e-02 5.598627e-02 5.554744e-02 5.498221e-02 5.429231e-02 5.347602e-02 5.253500e-02 5.146759e-02 5.027538e-02 4.895677e-02 4.751326e-02 4.594337e-02 4.424846e-02 4.242717e-02 4.048074e-02 3.840793e-02 3.620984e-02 3.388536e-02 3.143546e-02 2.885917e-02 2.615730e-02 2.332904e-02 2.037503e-02 1.729462e-02 1.408829e-02 1.075557e-02 7.296738e-03 3.711517e-03 
3.625518e-03 7.127579e-03 1.050636e-02 1.376169e-02 1.689392e-02 1.990270e-02 2.278854e-02 2.555094e-02 2.819057e-02 3.070676e-02 3.310034e-02 3.537047e-02 3.751816e-02 3.954239e-02 4.144432e-02 4.322279e-02 4.487908e-02 4.641192e-02 4.782270e-02 4.911002e-02 5.027538e-02 5.131728e-02 5.223730e-02 5.303386e-02 5.370861e-02 5.425990e-02 5.468942e-02 5.499548e-02 5.517981e-02 5.524067e-02 5.517981e-02 5.499548e-02 5.468942e-02 5.425990e-02 5.370861e-02 5.303386e-02 5.223730e-02 5.131728e-02 5.027538e-02 4.911002e-02 4.782270e-02 4.641192e-02 4.487908e-02 4.322279e-02 4.144432e-02 3.954239e-02 3.751816e-02 3.537047e-02 3.310034e-02 3.070676e-02 2.819057e-02 2.555094e-02 2.278854e-02 1.990270e-02 1.689392e-02 1.376169e-02 1.050636e-02 7.127579e-03 3.625518e-03 
3.530414e-03 6.940700e-03 1.023077e-02 1.340088e-02 1.645078e-02 1.938090e-02 2.219080e-02 2.488108e-02 2.745114e-02 2.990175e-02 3.223214e-02 3.444323e-02 3.653410e-02 3.850580e-02 4.035729e-02 4.208975e-02 4.370198e-02 4.519530e-02 4.656841e-02 4.782270e-02 4.895677e-02 4.997212e-02 5.086724e-02 5.164372e-02 5.229997e-02 5.283763e-02 5.325507e-02 5.355394e-02 5.373259e-02 5.379270e-02 5.373259e-02 5.355394e-02 5.325507e-02 5.283763e-02 5.229997e-02 5.164372e-02 5.086724e-02 4.997212e-02 4.895677e-02 4.782270e-02 4.656841e-02 4.519530e-02 4.370198e-02 4.208975e-02 4.035729e-02 3.850580e-02 3.653410e-02 3.444323e-02 3.223214e-02 2.990175e-02 2.745114e-02 2.488108e-02 2.219080e-02 1.938090e-02 1.645078e-02 1.340088e-02 1.023077e-02 6.940700e-03 3.530414e-03 
3.426293e-03 6.735919e-03 9.929047e-03 1.300551e-02 1.596564e-02 1.880910e-02 2.153640e-02 2.414702e-02 2.664164e-02 2.901959e-02 3.128168e-02 3.342710e-02 3.545680e-02 3.736984e-02 3.916729e-02 4.084807e-02 4.241338e-02 4.386202e-02 4.519530e-02 4.641192e-02 4.751326e-02 4.849794e-02 4.936742e-02 5.012024e-02 5.075792e-02 5.127894e-02 5.168486e-02 5.197412e-02 5.214832e-02 5.220584e-02 5.214832e-02 5.197412e-02 5.168486e-02 5.127894e-02 5.075792e-02 5.012024e-02 4.936742e-02 4.849794e-02 4.751326e-02 4.641192e-02 4.519530e-02 4.386202e-02 4.241338e-02 4.084807e-02 3.916729e-02 3.736984e-02 3.545680e-02 3.342710e-02 3.128168e-02 2.901959e-02 2.664164e-02 2.414702e-02 2.153640e-02 1.880910e-02 1.596564e-02 1.300551e-02 9.929047e-03 6.735919e-03 3.426293e-03 
3.313066e-03 6.513405e-03 9.600936e-03 1.257590e-02 1.543805e-02 1.818780e-02 2.082474e-02 2.334942e-02 2.576130e-02 2.806107e-02 3.024803e-02 3.232303e-02 3.428521e-02 3.613557e-02 3.787311e-02 3.949894e-02 4.101196e-02 4.241338e-02 4.370198e-02 4.487908e-02 4.594337e-02 4.689623e-02 4.773628e-02 4.846496e-02 4.908084e-02 4.958541e-02 4.997716e-02 5.025764e-02 5.042530e-02 5.048171e-02 5.042530e-02 5.025764e-02 4.997716e-02 4.958541e-02 4.908084e-02 4.846496e-02 4.773628e-02 4.689623e-02 4.594337e-02 4.487908e-02 4.370198e-02 4.241338e-02 4.101196e-02 3.949894e-02 3.787311e-02 3.613557e-02 3.428521e-02 3.232303e-02 3.024803e-02 2.806107e-02 2.576130e-02 2.334942e-02 2.082474e-02 1.818780e-02 1.543805e-02 1.257590e-02 9.600936e-03 6.513405e-03 3.313066e-03 
3.190816e-03 6.272990e-03 9.246677e-03 1.211172e-02 1.486843e-02 1.751650e-02 2.005639e-02 2.248763e-02 2.481083e-02 2.702539e-02 2.913205e-02 3.113007e-02 3.302031e-02 3.480191e-02 3.647586e-02 3.804117e-02 3.949894e-02 4.084807e-02 4.208975e-02 4.322279e-02 4.424846e-02 4.516550e-02 4.597525e-02 4.667635e-02 4.727022e-02 4.775545e-02 4.813349e-02 4.840288e-02 4.856510e-02 4.861868e-02 4.856510e-02 4.840288e-02 4.813349e-02 4.775545e-02 4.727022e-02 4.667635e-02 4.597525e-02 4.516550e-02 4.424846e-02 4.322279e-02 4.208975e-02 4.084807e-02 3.949894e-02 3.804117e-02 3.647586e-02 3.480191e-02 3.302031e-02 3.113007e-02 2.913205e-02 2.702539e-02 2.481083e-02 2.248763e-02 2.005639e-02 1.751650e-02 1.486843e-02 1.211172e-02 9.246677e-03 6.272990e-03 3.190816e-03 
3.059461e-03 6.014829e-03 8.866030e-03 1.161329e-02 1.425637e-02 1.679566e-02 1.923078e-02 2.156224e-02 2.378953e-02 2.591329e-02 2.793289e-02 2.984909e-02 3.166112e-02 3.336987e-02 3.497445e-02 3.647586e-02 3.787311e-02 3.916729e-02 4.035729e-02 4.144432e-02 4.242717e-02 4.330711e-02 4.408289e-02 4.475582e-02 4.532458e-02 4.579053e-02 4.615231e-02 4.641132e-02 4.656617e-02 4.661825e-02 4.656617e-02 4.641132e-02 4.615231e-02 4.579053e-02 4.532458e-02 4.475582e-02 4.408289e-02 4.330711e-02 4.242717e-02 4.144432e-02 4.035729e-02 3.916729e-02 3.787311e-02 3.647586e-02 3.497445e-02 3.336987e-02 3.166112e-02 2.984909e-02 2.793289e-02 2.591329e-02 2.378953e-02 2.156224e-02 1.923078e-02 1.679566e-02 1.425637e-02 1.161329e-02 8.866030e-03 6.014829e-03 3.059461e-03 
2.919075e-03 5.738766e-03 8.459215e-03 1.108028e-02 1.360224e-02 1.602482e-02 1.834842e-02 2.057265e-02 2.269803e-02 2.472403e-02 2.665132e-02 2.847922e-02 3.020852e-02 3.183844e-02 3.336987e-02 3.480191e-02 3.613557e-02 3.736984e-02 3.850580e-02 3.954239e-02 4.048074e-02 4.131972e-02 4.206052e-02 4.270195e-02 4.324526e-02 4.368918e-02 4.403503e-02 4.428150e-02 4.442990e-02 4.447893e-02 4.442990e-02 4.428150e-02 4.403503e-02 4.368918e-02 4.324526e-02 4.270195e-02 4.206052e-02 4.131972e-02 4.048074e-02 3.954239e-02 3.850580e-02 3.736984e-02 3.613557e-02 3.480191e-02 3.336987e-02 3.183844e-02 3.020852e-02 2.847922e-02 2.665132e-02 2.472403e-02 2.269803e-02 2.057265e-02 1.834842e-02 1.602482e-02 1.360224e-02 1.108028e-02 8.459215e-03 5.738766e-03 2.919075e-03 
2.769583e-03 5.444942e-03 8.026010e-03 1.051298e-02 1.290567e-02 1.520439e-02 1.740882e-02 1.951940e-02 2.153570e-02 2.345828e-02 2.528656e-02 2.702124e-02 2.866163e-02 3.020852e-02 3.166112e-02 3.302031e-02 3.428521e-02 3.545680e-02 3.653410e-02 3.751816e-02 3.840793e-02 3.920452e-02 3.990683e-02 4.051601e-02 4.103091e-02 4.145272e-02 4.178025e-02 4.201472e-02 4.215491e-02 4.220205e-02 4.215491e-02 4.201472e-02 4.178025e-02 4.145272e-02 4.103091e-02 4.051601e-02 3.990683e-02 3.920452e-02 3.840793e-02 3.751816e-02 3.653410e-02 3.545680e-02 3.428521e-02 3.302031e-02 3.166112e-02 3.020852e-02 2.866163e-02 2.702124e-02 2.528656e-02 2.345828e-02 2.153570e-02 1.951940e-02 1.740882e-02 1.520439e-02 1.290567e-02 1.051298e-02 8.026010e-03 5.444942e-03 2.769583e-03 
2.611052e-03 5.133216e-03 7.566613e-03 9.911121e-03 1.216698e-02 1.433396e-02 1.641240e-02 1.840196e-02 2.030311e-02 2.211536e-02 2.383932e-02 2.547438e-02 2.702124e-02 2.847922e-02 2.984909e-02 3.113007e-02 3.232303e-02 3.342710e-02 3.444323e-02 3.537047e-02 3.620984e-02 3.696032e-02 3.762297e-02 3.819674e-02 3.868274e-02 3.907984e-02 3.938920e-02 3.960968e-02 3.974242e-02 3.978628e-02 3.974242e-02 3.960968e-02 3.938920e-02 3.907984e-02 3.868274e-02 3.819674e-02 3.762297e-02 3.696032e-02 3.620984e-02 3.537047e-02 3.444323e-02 3.342710e-02 3.232303e-02 3.113007e-02 2.984909e-02 2.847922e-02 2.702124e-02 2.547438e-02 2.383932e-02 2.211536e-02 2.030311e-02 1.840196e-02 1.641240e-02 1.433396e-02 1.216698e-02 9.911121e-03 7.566613e-03 5.133216e-03 2.611052e-03 
2.443417e-03 4.803711e-03 7.080827e-03 9.274933e-03 1.138586e-02 1.341389e-02 1.535874e-02 1.722080e-02 1.899968e-02 2.069587e-02 2.230889e-02 2.383932e-02 2.528656e-02 2.665132e-02 2.793289e-02 2.913205e-02 3.024803e-02 3.128168e-02 3.223214e-02 3.310034e-02 3.388536e-02 3.458817e-02 3.520779e-02 3.574525e-02 3.619954e-02 3.657169e-02 3.686066e-02 3.706752e-02 3.719121e-02 3.723280e-02 3.719121e-02 3.706752e-02 3.686066e-02 3.657169e-02 3.619954e-02 3.574525e-02 3.520779e-02 3.458817e-02 3.388536e-02 3.310034e-02 3.223214e-02 3.128168e-02 3.024803e-02 2.913205e-02 2.793289e-02 2.665132e-02 2.528656e-02 2.383932e-02 2.230889e-02 2.069587e-02 1.899968e-02 1.722080e-02 1.535874e-02 1.341389e-02 1.138586e-02 9.274933e-03 7.080827e-03 4.803711e-03 2.443417e-03 
2.266733e-03 4.456306e-03 6.568822e-03 8.604177e-03 1.056258e-02 1.244382e-02 1.424821e-02 1.597544e-02 1.762591e-02 1.919922e-02 2.069587e-02 2.211536e-02 2.345828e-02 2.472403e-02 2.591329e-02 2.702539e-02 2.806107e-02 2.901959e-02 2.990175e-02 3.070676e-02 3.143546e-02 3.208701e-02 3.266230e-02 3.316043e-02 3.358235e-02 3.392711e-02 3.419569e-02 3.438710e-02 3.450234e-02 3.454042e-02 3.450234e-02 3.438710e-02 3.419569e-02 3.392711e-02 3.358235e-02 3.316043e-02 3.266230e-02 3.208701e-02 3.143546e-02 3.070676e-02 2.990175e-02 2.901959e-02 2.806107e-02 2.702539e-02 2.591329e-02 2.472403e-02 2.345828e-02 2.211536e-02 2.069587e-02 1.919922e-02 1.762591e-02 1.597544e-02 1.424821e-02 1.244382e-02 1.056258e-02 8.604177e-03 6.568822e-03 4.456306e-03 2.266733e-03 
2.080944e-03 4.091103e-03 6.030427e-03 7.899060e-03 9.696860e-03 1.142406e-02 1.308043e-02 1.466629e-02 1.618131e-02 1.762591e-02 1.899968e-02 2.030311e-02 2.153570e-02 2.269803e-02 2.378953e-02 2.481083e-02 2.576130e-02 2.664164e-02 2.745114e-02 2.819057e-02 2.885917e-02 2.945774e-02 2.998548e-02 3.044322e-02 3.083014e-02 3.114709e-02 3.139321e-02 3.156939e-02 3.167474e-02 3.171016e-02 3.167474e-02 3.156939e-02 3.139321e-02 3.114709e-02 3.083014e-02 3.044322e-02 2.998548e-02 2.945774e-02 2.885917e-02 2.819057e-02 2.745114e-02 2.664164e-02 2.576130e-02 2.481083e-02 2.378953e-02 2.269803e-02 2.153570e-02 2.030311e-02 1.899968e-02 1.762591e-02 1.618131e-02 1.466629e-02 1.308043e-02 1.142406e-02 9.696860e-03 7.899060e-03 6.030427e-03 4.091103e-03 2.080944e-03 
1.886098e-03 3.707998e-03 5.465786e-03 7.159376e-03 8.788937e-03 1.035430e-02 1.185572e-02 1.329293e-02 1.466629e-02 1.597544e-02 1.722080e-02 1.840196e-02 1.951940e-02 2.057265e-02 2.156224e-02 2.248763e-02 2.334942e-02 2.414702e-02 2.488108e-02 2.555094e-02 2.615730e-02 2.669947e-02 2.717817e-02 2.759268e-02 2.794377e-02 2.823065e-02 2.845413e-02 2.861342e-02 2.870931e-02 2.874100e-02 2.870931e-02 2.861342e-02 2.845413e-02 2.823065e-02 2.794377e-02 2.759268e-02 2.717817e-02 2.669947e-02 2.615730e-02 2.555094e-02 2.488108e-02 2.414702e-02 2.334942e-02 2.248763e-02 2.156224e-02 2.057265e-02 1.951940e-02 1.840196e-02 1.722080e-02 1.597544e-02 1.466629e-02 1.329293e-02 1.185572e-02 1.035430e-02 8.788937e-03 7.159376e-03 5.465786e-03 3.707998e-03 1.886098e-03 
